     0/299    0.835G     0.073   0.01119         0   0.08419        16      1024 9.169e-06  0.001267 6.204e-08 3.102e-08   0.09489   0.01477         0
     1/299     3.37G   0.04161  0.002679         0   0.04428        29      1024 0.0008034    0.1191 9.984e-05 1.745e-05    0.0888   0.02034         0
     2/299     3.38G   0.03227  0.002801         0   0.03507        31      1024   0.05822    0.1458   0.02334  0.005645   0.08132   0.02513         0
     3/299     3.38G   0.02638  0.003364         0   0.02974        20      1024   0.09775    0.1698   0.04495   0.00703   0.07512   0.03038         0
     4/299      3.4G   0.02499  0.003578         0   0.02856        18      1024    0.3447    0.2533    0.2068   0.05157   0.07141   0.03221         0
     5/299      3.4G   0.02242  0.003636         0   0.02606        21      1024    0.4192    0.3701    0.3084   0.07107   0.06978   0.03102         0
     6/299      3.4G     0.022  0.003444         0   0.02545        35      1024    0.4912    0.3625     0.336   0.08365   0.06922   0.02668         0
     7/299      3.4G   0.02167  0.003162         0   0.02484        33      1024    0.3722    0.4449    0.2898   0.05969    0.0684   0.02535         0
     8/299      3.4G   0.02197  0.003186         0   0.02515        34      1024    0.6401    0.6154    0.6147     0.193   0.06653   0.02223         0
     9/299      3.4G   0.02087  0.003007         0   0.02388        24      1024     0.719    0.6236    0.6559    0.2175   0.06574   0.02229         0
    10/299      3.4G   0.02184  0.002925         0   0.02477        31      1024    0.7398    0.6451    0.6732    0.2076   0.06577   0.02145         0
    11/299     3.41G   0.02023  0.002933         0   0.02316        41      1024    0.7384    0.6743    0.6826    0.2179   0.06546   0.02004         0
    12/299     3.43G   0.01877   0.00284         0   0.02161        13      1024    0.8009    0.6626    0.7096    0.2229   0.06532   0.01977         0
    13/299     3.43G   0.01769  0.002856         0   0.02055        30      1024    0.8299    0.6831    0.7639    0.2766   0.06412   0.01891         0
    14/299     3.43G      0.02  0.002824         0   0.02283        29      1024    0.7634    0.7047     0.729    0.2451   0.06535   0.01966         0
    15/299     3.43G    0.0198  0.002775         0   0.02257        31      1024    0.8324    0.6882    0.7577    0.2569   0.06451   0.01916         0
    16/299     3.43G   0.01837  0.002772         0   0.02114        23      1024    0.8271    0.6705    0.7336    0.2429   0.06459   0.01917         0
    17/299     3.43G   0.01896  0.002716         0   0.02168        26      1024     0.804    0.7389    0.7759     0.295   0.06387   0.01804         0
    18/299     3.43G   0.01792  0.002742         0   0.02066        30      1024    0.7579    0.7414    0.7574    0.2527   0.06442   0.01929         0
    19/299     3.43G   0.01907  0.002823         0    0.0219        23      1024    0.7769    0.7281     0.763    0.2541   0.06411   0.01811         0
    20/299     3.43G   0.01842  0.002678         0    0.0211        15      1024    0.7865    0.7275    0.7682    0.2742   0.06365   0.01845         0
    21/299     3.43G   0.01782  0.002661         0   0.02048        27      1024    0.8181    0.7412    0.7814    0.2774   0.06418   0.01857         0
    22/299     3.43G   0.01786  0.002681         0   0.02054        19      1024    0.8511    0.7706    0.8127    0.3172   0.06331   0.01837         0
    23/299     3.43G   0.01678  0.002619         0    0.0194        31      1024    0.8438    0.7782    0.8253    0.3134   0.06313   0.01736         0
    24/299     3.43G   0.01824  0.002631         0   0.02088        12      1024    0.8115    0.7731    0.7989    0.3027   0.06359   0.01786         0
    25/299     3.43G    0.0186  0.002714         0   0.02131        29      1024     0.837    0.7693     0.813    0.3184   0.06334   0.01785         0
    26/299     3.43G   0.01749  0.002699         0   0.02019        36      1024    0.8521    0.7681    0.8232    0.3078   0.06344   0.01775         0
    27/299     3.43G   0.01626  0.002577         0   0.01884        20      1024    0.8757     0.768    0.8238    0.3262    0.0631   0.01828         0
    28/299     3.43G   0.01706  0.002593         0   0.01965        17      1024    0.8551    0.7947    0.8317    0.3337   0.06304   0.01743         0
    29/299     3.44G   0.01733  0.002647         0   0.01998        23      1024    0.8253    0.7842     0.813    0.3269   0.06304   0.01725         0
    30/299     3.44G   0.01647  0.002558         0   0.01903        15      1024    0.8379    0.7664     0.807    0.3134   0.06314   0.01848         0
    31/299     3.44G   0.01749  0.002581         0   0.02007        18      1024    0.8843    0.7681    0.8484    0.3218   0.06296   0.01727         0
    32/299     3.44G   0.01721  0.002576         0   0.01978        27      1024    0.8781    0.7959    0.8512    0.3489   0.06323   0.01686         0
    33/299     3.44G   0.01686  0.002497         0   0.01936        22      1024    0.8926     0.782    0.8513    0.3392   0.06297   0.01642         0
    34/299     3.44G   0.01708  0.002562         0   0.01965        15      1024    0.8879    0.7896    0.8479    0.3411   0.06262   0.01752         0
    35/299     3.44G   0.01846  0.002521         0   0.02098        31      1024    0.8522    0.8124    0.8429     0.328   0.06298   0.01747         0
    36/299     3.44G   0.01859  0.002523         0   0.02111        23      1024    0.8637    0.8033    0.8505    0.3223   0.06311   0.01677         0
    37/299     3.44G   0.01604  0.002609         0   0.01865        19      1024    0.8732    0.7858     0.842    0.3162   0.06309   0.01748         0
    38/299     3.44G   0.01793  0.002446         0   0.02038        13      1024     0.913    0.7871    0.8617    0.3474   0.06267   0.01685         0
    39/299     3.44G   0.01665  0.002527         0   0.01917        36      1024     0.892    0.7959     0.854    0.3453   0.06265   0.01682         0
    40/299     3.44G   0.01877  0.002603         0   0.02137        14      1024    0.9096    0.7909    0.8514    0.3491   0.06263   0.01659         0
    41/299     3.44G   0.01746  0.002429         0   0.01989        36      1024    0.8674    0.8123    0.8553    0.3587   0.06256   0.01713         0
    42/299     3.44G   0.01662  0.002403         0   0.01902        28      1024    0.8968    0.7818    0.8471    0.3431   0.06258   0.01655         0
    43/299     3.44G   0.01814  0.002542         0   0.02068        19      1024    0.8676    0.7887    0.8448    0.3484    0.0625   0.01638         0
    44/299     3.44G   0.01745  0.002486         0   0.01993        15      1024    0.8514     0.801    0.8427    0.3387   0.06273   0.01816         0
    45/299     3.44G   0.01753  0.002439         0   0.01997        21      1024      0.87    0.8311    0.8638    0.3502   0.06258   0.01715         0
    46/299     3.44G   0.01788  0.002479         0   0.02036        29      1024    0.8633     0.782    0.8391    0.3412    0.0625   0.01704         0
    47/299     3.44G   0.01594  0.002368         0   0.01831        13      1024    0.8956    0.8044    0.8612    0.3472   0.06267   0.01715         0
    48/299     3.44G   0.01709  0.002442         0   0.01953        14      1024    0.8879    0.7833    0.8408    0.3556   0.06245   0.01703         0
    49/299     3.44G   0.01573  0.002443         0   0.01818        24      1024    0.8704    0.7919    0.8442    0.3484   0.06248    0.0175         0
    50/299     3.44G   0.01627  0.002438         0   0.01871        27      1024    0.9024    0.7858    0.8622    0.3689    0.0625   0.01641         0
    51/299     3.44G   0.01554  0.002416         0   0.01796        43      1024    0.8963    0.7807    0.8427     0.342   0.06258   0.01739         0
    52/299     3.44G   0.01697  0.002465         0   0.01944        27      1024    0.8693    0.8112    0.8614    0.3607   0.06219   0.01667         0
    53/299     3.44G   0.01559  0.002401         0   0.01799        41      1024    0.8755    0.8286     0.867    0.3614   0.06238   0.01663         0
    54/299     3.44G   0.01688  0.002444         0   0.01932        34      1024    0.8812    0.7993    0.8557    0.3581   0.06239   0.01702         0
    55/299     3.44G   0.01609  0.002259         0   0.01835        17      1024    0.8733    0.7959    0.8357    0.3598   0.06297   0.01588         0
    56/299     3.44G   0.01634  0.002378         0   0.01872        20      1024    0.8894      0.82    0.8705    0.3719   0.06218   0.01632         0
    57/299     3.44G   0.01553  0.002312         0   0.01785        27      1024     0.855    0.8298    0.8614    0.3713    0.0625   0.01704         0
    58/299     3.44G   0.01735  0.002314         0   0.01967        21      1024    0.8934    0.8074    0.8666    0.3779   0.06233    0.0166         0
    59/299     3.44G   0.01673  0.002434         0   0.01917        22      1024    0.8826     0.801    0.8611    0.3694   0.06213   0.01629         0
    60/299     3.44G   0.01663  0.002336         0   0.01897        16      1024    0.8755     0.811    0.8599    0.3709   0.06211   0.01679         0
    61/299     3.44G    0.0183  0.002439         0   0.02074        26      1024    0.8907    0.8162    0.8666    0.3549   0.06212   0.01736         0
    62/299     3.44G   0.01564  0.002346         0   0.01798        37      1024    0.8933    0.7959    0.8593     0.372   0.06213   0.01693         0
    63/299     3.44G   0.01652   0.00247         0   0.01899        32      1024    0.8757    0.8124    0.8607    0.3732   0.06213   0.01604         0
    64/299     3.44G   0.01731   0.00232         0   0.01963        10      1024    0.8961      0.82    0.8768    0.3834   0.06187   0.01669         0
    65/299     3.44G   0.01743  0.002404         0   0.01983        30      1024    0.8809    0.7921    0.8477    0.3692   0.06221    0.0162         0
    66/299     3.44G   0.01673  0.002372         0    0.0191        25      1024    0.9077    0.7727    0.8526    0.3733    0.0622   0.01697         0
    67/299     3.44G   0.01666  0.002321         0   0.01898        13      1024    0.8689    0.8251    0.8639    0.3627    0.0621   0.01696         0
    68/299     3.44G   0.01828  0.002357         0   0.02063        16      1024    0.8802    0.8289    0.8666    0.3741   0.06214   0.01603         0
    69/299     3.44G    0.0164   0.00244         0   0.01884        31      1024    0.8644    0.8324    0.8705    0.3823   0.06184   0.01668         0
    70/299     3.44G   0.01661  0.002262         0   0.01887        47      1024    0.8648    0.8276    0.8628    0.3813   0.06194   0.01674         0
    71/299     3.44G   0.01774  0.002347         0   0.02009        40      1024      0.88    0.8086    0.8468    0.3624   0.06257   0.01595         0
    72/299     3.44G   0.01584  0.002359         0   0.01819        27      1024    0.8866    0.8048    0.8612    0.3697   0.06183    0.0168         0
    73/299     3.44G   0.01561  0.002328         0   0.01793        19      1024    0.8948     0.801    0.8741    0.3602    0.0621   0.01656         0
    74/299     3.44G   0.01591  0.002374         0   0.01829        20      1024    0.9008    0.8074    0.8782    0.3729   0.06213   0.01642         0
    75/299     3.44G   0.01592  0.002311         0   0.01823        28      1024    0.8886    0.8086    0.8667    0.3648     0.062   0.01674         0
    76/299     3.44G   0.01532  0.002339         0   0.01766        28      1024    0.8652     0.815    0.8559    0.3672   0.06202   0.01652         0
    77/299     3.44G   0.01646  0.002338         0    0.0188        34      1024    0.8856    0.8251    0.8725    0.3725   0.06204   0.01639         0
    78/299     3.44G   0.01704  0.002372         0   0.01941        17      1024    0.8817    0.8428    0.8826    0.3765   0.06183   0.01586         0
    79/299     3.44G   0.01573  0.002444         0   0.01818        25      1024    0.8892    0.8134    0.8729     0.384   0.06168   0.01602         0
    80/299     3.44G    0.0158  0.002247         0   0.01805        21      1024    0.8423    0.8465    0.8697    0.3755   0.06184   0.01646         0
    81/299     3.44G   0.01731  0.002281         0   0.01959        21      1024    0.8579    0.8365    0.8747    0.3806   0.06194   0.01684         0
    82/299     3.44G   0.01505  0.002395         0   0.01745        24      1024    0.9102    0.7997    0.8737    0.3784    0.0617   0.01605         0
    83/299     3.44G   0.01728  0.002423         0   0.01971        17      1024    0.8744    0.8213    0.8682    0.3826   0.06194   0.01678         0
    84/299     3.44G   0.01783   0.00242         0   0.02025        42      1024    0.8826    0.8478    0.8879    0.3827   0.06175   0.01603         0
    85/299     3.44G   0.01507  0.002261         0   0.01734        37      1024    0.8745    0.8276    0.8782    0.3879   0.06178   0.01626         0
    86/299     3.44G   0.01658  0.002344         0   0.01893        24      1024     0.916    0.8188    0.8847    0.3907   0.06165   0.01598         0
    87/299     3.44G   0.01718   0.00239         0   0.01957        19      1024    0.8643    0.8314    0.8687    0.3724   0.06169   0.01647         0
    88/299     3.44G   0.01506  0.002349         0   0.01741        34      1024    0.8926     0.822    0.8707    0.3596   0.06191   0.01688         0
    89/299     3.44G   0.01556  0.002348         0   0.01791         8      1024      0.89    0.8314    0.8794    0.3802   0.06171   0.01614         0
    90/299     3.44G   0.01595  0.002405         0   0.01835        35      1024    0.8499    0.8542    0.8771    0.3832   0.06166   0.01655         0
    91/299     3.45G   0.01618   0.00225         0   0.01843        22      1024    0.8593    0.8226    0.8672     0.375   0.06165   0.01657         0
    92/299     3.45G   0.01652  0.002301         0   0.01882        23      1024    0.8815    0.8299    0.8781    0.3877   0.06155   0.01658         0
    93/299     3.45G   0.01561  0.002383         0   0.01799        24      1024    0.8873    0.8086    0.8654    0.3685    0.0618    0.0171         0
    94/299     3.45G   0.01593  0.002324         0   0.01825        17      1024    0.8562    0.8529     0.875    0.3799   0.06155   0.01666         0
    95/299     3.45G   0.01729  0.002284         0   0.01957        28      1024    0.8834     0.826    0.8711    0.3809   0.06168   0.01632         0
    96/299     3.45G   0.01564  0.002235         0   0.01787        31      1024    0.8706    0.8365    0.8828    0.3797   0.06159    0.0171         0
    97/299     3.45G   0.01541  0.002302         0   0.01771        33      1024    0.8664    0.8403    0.8778    0.3888    0.0615   0.01628         0
    98/299     3.45G   0.01694  0.002392         0   0.01934        24      1024    0.8756    0.8478    0.8769    0.3922   0.06144   0.01673         0
    99/299     3.45G   0.01628  0.002332         0   0.01862        28      1024     0.899    0.8007    0.8724    0.3818   0.06158   0.01668         0
   100/299     3.45G   0.01545  0.002347         0   0.01779        40      1024    0.9034    0.8327    0.8895    0.3944   0.06139    0.0164         0
   101/299     3.45G    0.0153  0.002335         0   0.01764        26      1024    0.8713    0.8479    0.8846    0.3814   0.06157   0.01642         0
   102/299     3.45G   0.01703  0.002409         0   0.01944        20      1024    0.8789    0.8465     0.881    0.3764   0.06166   0.01644         0
   103/299     3.45G   0.01624  0.002263         0   0.01851        36      1024    0.8613    0.8466    0.8768    0.3824    0.0616    0.0166         0
   104/299     3.45G   0.01644  0.002341         0   0.01878        14      1024    0.8962    0.8314    0.8869    0.3855   0.06172   0.01672         0
   105/299     3.45G   0.01706  0.002319         0   0.01938        22      1024     0.865    0.8454    0.8731     0.384   0.06163   0.01679         0
   106/299     3.45G   0.01685  0.002239         0   0.01909        20      1024    0.9063    0.8352    0.8794    0.3859   0.06168   0.01637         0
   107/299     3.45G   0.01527  0.002286         0   0.01755        23      1024    0.9092    0.8247    0.8913     0.379   0.06171   0.01644         0
   108/299     3.45G   0.01483  0.002255         0   0.01708        22      1024    0.9145    0.8314    0.8888    0.3931   0.06158   0.01617         0
   109/299     3.45G    0.0151  0.002312         0   0.01742        30      1024    0.8873    0.8479    0.8898    0.4015   0.06142   0.01605         0
   110/299     3.45G   0.01607  0.002205         0   0.01828        28      1024    0.8941    0.8162    0.8805    0.3874   0.06161   0.01634         0
   111/299     3.45G    0.0162  0.002395         0   0.01859        27      1024    0.9128    0.8238    0.8836    0.3878   0.06152   0.01567         0
   112/299     3.45G   0.01527  0.002298         0   0.01757        32      1024    0.8599    0.8492    0.8708    0.3963   0.06136   0.01623         0
   113/299     3.45G   0.01648  0.002302         0   0.01878        19      1024    0.9054    0.8479    0.8991     0.398   0.06124   0.01647         0
   114/299     3.45G   0.01392  0.002272         0   0.01619        15      1024    0.9074    0.8213    0.8887    0.4064   0.06123   0.01661         0
   115/299     3.45G   0.01528  0.002259         0   0.01754        23      1024    0.8934     0.839    0.8845    0.3945   0.06136   0.01651         0
   116/299     3.45G   0.01504   0.00229         0   0.01733        19      1024    0.8864    0.8504    0.8906    0.3909   0.06159   0.01614         0
   117/299     3.45G   0.01515  0.002238         0   0.01739        24      1024    0.8927    0.8435    0.8883    0.3889   0.06152   0.01641         0
   118/299     3.45G   0.01517  0.002246         0   0.01741        27      1024    0.9033    0.8302    0.8901    0.3846   0.06178   0.01611         0
   119/299     3.45G   0.01626  0.002286         0   0.01855        32      1024    0.8893    0.8454    0.8912    0.3854   0.06171   0.01715         0
   120/299     3.45G   0.01575  0.002225         0   0.01797        34      1024    0.8894    0.8074    0.8695    0.3847   0.06163   0.01669         0
   121/299     3.45G   0.01644  0.002303         0   0.01874        46      1024    0.9055    0.8276     0.886      0.39   0.06146   0.01601         0
   122/299     3.45G   0.01543  0.002286         0   0.01771        12      1024    0.8815    0.8327    0.8771    0.3799   0.06158   0.01677         0
   123/299     3.45G   0.01677  0.002276         0   0.01904        23      1024    0.8962    0.8314    0.8886    0.3966   0.06141   0.01651         0
   124/299     3.45G   0.01497  0.002353         0   0.01732        17      1024    0.8775    0.8555    0.8891    0.3964   0.06142   0.01654         0
   125/299     3.45G   0.01612   0.00221         0   0.01833        28      1024    0.9171    0.8412    0.9007    0.3856   0.06153   0.01623         0
   126/299     3.45G    0.0178  0.002226         0   0.02002        26      1024    0.9148    0.8314    0.8928     0.393   0.06147   0.01624         0
   127/299     3.45G   0.01449   0.00218         0   0.01667        30      1024    0.8855    0.8428     0.886      0.39   0.06146   0.01666         0
   128/299     3.45G   0.01763   0.00222         0   0.01985        22      1024    0.8857    0.8365    0.8818    0.3973    0.0614    0.0164         0
   129/299     3.45G   0.01681  0.002349         0   0.01915        35      1024    0.9292    0.8313     0.896    0.3924    0.0613   0.01606         0
   130/299     3.45G   0.01432  0.002356         0   0.01667        40      1024    0.9113    0.8337    0.8902    0.3889   0.06138   0.01693         0
   131/299     3.45G   0.01474   0.00239         0   0.01713        19      1024     0.909    0.8351    0.8967    0.3883   0.06141   0.01647         0
   132/299     3.45G   0.01604  0.002384         0   0.01842        40      1024    0.9008    0.8403    0.8937    0.3938   0.06135   0.01648         0
   133/299     3.45G   0.01539  0.002345         0   0.01774        31      1024    0.8918     0.825    0.8788    0.3876   0.06144   0.01674         0
   134/299     3.45G   0.01485  0.002294         0   0.01714        36      1024    0.9029    0.8403    0.8935    0.3958   0.06131   0.01616         0
   135/299     3.45G   0.01613  0.002284         0   0.01842        35      1024    0.8923    0.8314    0.8869    0.3943   0.06146   0.01645         0
   136/299     3.45G   0.01715  0.002324         0   0.01948        32      1024    0.9152     0.821    0.8886    0.3923   0.06134   0.01631         0
   137/299     3.45G   0.01426  0.002294         0   0.01655        17      1024    0.9066    0.8492    0.9035    0.3981   0.06136   0.01625         0
   138/299     3.45G   0.01577  0.002226         0     0.018        15      1024    0.8904    0.8441    0.8972    0.3885   0.06141   0.01638         0
   139/299     3.45G   0.01503  0.002322         0   0.01735        30      1024     0.897     0.839    0.8921    0.3864   0.06147   0.01642         0
   140/299     3.45G   0.01519  0.002337         0   0.01753        27      1024    0.8795     0.853    0.8926    0.3959   0.06141   0.01658         0
   141/299     3.45G    0.0166  0.002187         0   0.01879        23      1024    0.9151    0.8465    0.9075     0.401   0.06139   0.01599         0
   142/299     3.45G   0.01582    0.0023         0   0.01812        20      1024    0.8971     0.834    0.8961    0.3933   0.06146   0.01642         0
   143/299     3.45G   0.01518  0.002242         0   0.01743        27      1024    0.8988     0.844    0.8949     0.391   0.06136   0.01624         0
   144/299     3.45G   0.01547  0.002251         0   0.01772        18      1024    0.8645    0.8504    0.8816    0.3956   0.06134   0.01635         0
   145/299     3.45G   0.01435  0.002262         0   0.01662        23      1024    0.8939    0.8555    0.8938    0.4038   0.06125   0.01611         0
   146/299     3.45G   0.01562  0.002213         0   0.01783        28      1024    0.9277    0.8289    0.8959    0.4021   0.06117   0.01616         0
   147/299     3.45G   0.01611  0.002207         0   0.01832        39      1024    0.9031    0.8352    0.8958    0.3924   0.06132   0.01648         0
   148/299     3.45G   0.01607  0.002342         0   0.01841        33      1024    0.8929    0.8454    0.8908     0.399    0.0613   0.01609         0
   149/299     3.45G   0.01497  0.002346         0   0.01732        30      1024    0.9148    0.8166    0.8862    0.3993   0.06128   0.01658         0
   150/299     3.45G   0.01486  0.002255         0   0.01711        25      1024    0.8749     0.853    0.8905    0.4002   0.06133   0.01694         0
   151/299     3.45G   0.01538  0.002273         0   0.01766        13      1024    0.8868     0.844    0.8902     0.402   0.06127   0.01616         0
   152/299     3.45G   0.01445  0.002172         0   0.01662        24      1024    0.8837    0.8479     0.887    0.3892   0.06136    0.0164         0
   153/299     3.45G   0.01546   0.00226         0   0.01772        24      1024    0.8973    0.8327    0.8937    0.3913   0.06126   0.01653         0
   154/299     3.45G   0.01627  0.002258         0   0.01852        13      1024    0.9177    0.8099    0.8984    0.3856   0.06133   0.01645         0
   155/299     3.45G   0.01584  0.002111         0   0.01796        21      1024    0.8941    0.8451    0.9045    0.3943   0.06138    0.0168         0
   156/299     3.45G   0.01462  0.002154         0   0.01677        14      1024    0.9023     0.839    0.8988    0.3909   0.06142   0.01672         0
   157/299     3.45G   0.01513  0.002246         0   0.01738        13      1024    0.9116    0.8504    0.9072       0.4   0.06132   0.01628         0
   158/299     3.45G   0.01677  0.002104         0   0.01887        26      1024    0.8919    0.8466    0.8914    0.4061   0.06129   0.01632         0
   159/299     3.45G   0.01516  0.002166         0   0.01733        43      1024    0.9249    0.8352    0.8999    0.3958    0.0613    0.0165         0
   160/299     3.45G   0.01435  0.002282         0   0.01663        24      1024    0.9173    0.8441    0.9044    0.3971   0.06126   0.01657         0
   161/299     3.45G   0.01451   0.00219         0    0.0167        16      1024    0.8932    0.8375    0.8816    0.4001   0.06138   0.01624         0
   162/299     3.45G   0.01482  0.002232         0   0.01705        15      1024    0.9106    0.8264    0.8995    0.3886    0.0612   0.01696         0
   163/299     3.45G   0.01369  0.002219         0   0.01591        22      1024    0.9047    0.8314    0.8924    0.3965   0.06119   0.01632         0
   164/299     3.45G   0.01489   0.00224         0   0.01713        35      1024    0.9238    0.8188    0.8951    0.3916   0.06141   0.01675         0
   165/299     3.45G   0.01494  0.002196         0   0.01714        21      1024    0.9017    0.8504    0.8952    0.4019   0.06128   0.01587         0
   166/299     3.45G   0.01513  0.002347         0   0.01748        34      1024    0.9083    0.8289    0.8915     0.395   0.06127   0.01631         0
   167/299     3.45G    0.0159  0.002278         0   0.01818        28      1024    0.9017    0.8605    0.9049    0.3934   0.06133   0.01624         0
   168/299     3.45G   0.01735  0.002262         0   0.01961        26      1024    0.9118    0.8403    0.8956    0.4056   0.06126   0.01637         0
   169/299     3.45G   0.01584  0.002221         0   0.01807        20      1024    0.9081    0.8276    0.9037    0.3992   0.06128    0.0162         0
   170/299     3.45G    0.0172  0.002276         0   0.01947        24      1024    0.9039    0.8365    0.8899    0.3971   0.06117   0.01625         0
   171/299     3.45G   0.01493  0.002279         0   0.01721        19      1024    0.8896    0.8593    0.8976    0.3973   0.06129   0.01643         0
   172/299     3.45G   0.01587  0.002236         0    0.0181        20      1024    0.9035    0.8428     0.898    0.3995   0.06125   0.01642         0
   173/299     3.45G   0.01449  0.002206         0    0.0167        11      1024    0.9034    0.8327    0.8903    0.3964   0.06136   0.01647         0
   174/299     3.45G   0.01432  0.002242         0   0.01656        24      1024    0.8994    0.8504    0.8981    0.4053   0.06114   0.01659         0
   175/299     3.45G    0.0149   0.00219         0   0.01709        30      1024       0.9     0.844     0.885    0.3985   0.06125    0.0159         0
   176/299     3.45G   0.01595  0.002202         0   0.01815        17      1024     0.903    0.8504    0.8945    0.3966   0.06119   0.01627         0
   177/299     3.45G   0.01725   0.00226         0   0.01951        27      1024    0.9086    0.8441    0.9003    0.3986   0.06126   0.01666         0
   178/299     3.45G   0.01599  0.002255         0   0.01825        15      1024    0.8927    0.8758    0.9098    0.4026   0.06129   0.01607         0
   179/299     3.45G   0.01535  0.002244         0   0.01759        19      1024      0.91     0.846    0.8997    0.3988   0.06125   0.01617         0
   180/299     3.45G   0.01609  0.002266         0   0.01836        27      1024    0.9147    0.8427    0.8963    0.3901   0.06129   0.01615         0
   181/299     3.45G   0.01392  0.002268         0   0.01619        17      1024    0.9034    0.8415    0.8943    0.3862   0.06135   0.01665         0
   182/299     3.45G   0.01574  0.002222         0   0.01796        36      1024    0.9011    0.8426    0.8909    0.4004   0.06125   0.01626         0
   183/299     3.45G   0.01609  0.002279         0   0.01837        29      1024    0.8794    0.8707    0.9041    0.3998   0.06115   0.01621         0
   184/299     3.45G   0.01432  0.002179         0   0.01649        33      1024    0.9014    0.8462    0.8976    0.3996   0.06122   0.01614         0
   185/299     3.45G   0.01337  0.002152         0   0.01552        24      1024     0.908    0.8503    0.8969    0.3982   0.06123   0.01642         0
   186/299     3.45G   0.01561  0.002133         0   0.01775        21      1024    0.9093     0.839    0.8923    0.3987   0.06119   0.01624         0
   187/299     3.45G   0.01455  0.002262         0   0.01682        26      1024    0.8996    0.8631    0.8988    0.4006   0.06123   0.01632         0
   188/299     3.45G   0.01481  0.002208         0   0.01702        38      1024    0.9368    0.8289    0.9054    0.3986   0.06126   0.01627         0
   189/299     3.45G   0.01341  0.002153         0   0.01556        21      1024    0.9027    0.8479    0.8987    0.3977   0.06123   0.01628         0
   190/299     3.45G   0.01517  0.002131         0    0.0173        26      1024    0.8983    0.8504    0.8975    0.3936   0.06129   0.01626         0
   191/299     3.45G   0.01599   0.00216         0   0.01815        34      1024    0.9078    0.8504    0.8986     0.399   0.06127   0.01617         0
   192/299     3.45G   0.01585   0.00223         0   0.01808        18      1024    0.9349    0.8403    0.9024    0.4014   0.06115   0.01614         0
   193/299     3.45G   0.01541   0.00222         0   0.01763        16      1024    0.8895    0.8606    0.9038    0.3963   0.06132   0.01644         0
   194/299     3.45G   0.01508  0.002172         0   0.01726        27      1024    0.9276    0.8285    0.8984    0.3947   0.06129   0.01633         0
   195/299     3.45G   0.01533  0.002226         0   0.01755        34      1024    0.9181     0.839    0.8944    0.4026   0.06116    0.0158         0
   196/299     3.45G   0.01612  0.002203         0   0.01832        16      1024    0.9153     0.836    0.8868    0.4076   0.06119   0.01594         0
   197/299     3.45G   0.01585  0.002286         0   0.01813        19      1024    0.9105    0.8376     0.889      0.41   0.06112   0.01581         0
   198/299     3.45G   0.01521  0.002236         0   0.01745        30      1024    0.9029    0.8365    0.8908    0.4033   0.06113   0.01593         0
   199/299     3.45G    0.0137  0.002246         0   0.01595        26      1024    0.9082      0.84    0.8947    0.4061   0.06114   0.01584         0
   200/299     3.45G   0.01557  0.002193         0   0.01776        27      1024    0.8813    0.8567    0.8878    0.4055   0.06114   0.01618         0
   201/299     3.45G    0.0137   0.00217         0   0.01587        17      1024    0.9199    0.8147    0.8895    0.3974    0.0612   0.01595         0
   202/299     3.45G   0.01414  0.002244         0   0.01638        36      1024    0.8897    0.8593    0.8915    0.4033   0.06114   0.01629         0
