     0/299     1.07G    0.0417   0.01169         0   0.05338         4      1024 5.984e-05  0.008872 8.709e-07 1.844e-07   0.08205    0.1099         0
     1/299     4.67G   0.02922  0.003961         0   0.03318         0      1024    0.0396   0.00507 0.0005666 7.731e-05   0.09008   0.03555         0
     2/299     4.68G   0.02331  0.004387         0   0.02769         2      1024   0.03404    0.2497   0.04226   0.01105   0.08488   0.03815         0
     3/299     4.72G   0.01978  0.004902         0   0.02469         4      1024   0.09674    0.1736   0.06798   0.01952   0.07243   0.04017         0
     4/299     4.76G   0.01886   0.00434         0    0.0232         7      1024    0.2285    0.4586    0.2062   0.07021   0.07158   0.03599         0
     5/299     4.76G   0.01842  0.003979         0    0.0224         4      1024    0.6351    0.5995    0.6086    0.2135   0.06014   0.02883         0
     6/299     4.76G   0.01818  0.003527         0   0.02171         5      1024    0.6756    0.5691    0.5867    0.1829   0.06186   0.02364         0
     7/299     4.76G   0.01746   0.00333         0   0.02079         0      1024    0.7218    0.6793    0.6984    0.2451    0.0598   0.02211         0
     8/299     4.76G   0.01718  0.002845         0   0.02003         0      1024    0.8163    0.6928    0.7569    0.2858    0.0592   0.02099         0
     9/299     4.76G   0.01704  0.002992         0   0.02003         0      1024    0.7806    0.7262     0.766    0.2764   0.05917   0.02106         0
    10/299     4.76G   0.01693  0.002932         0   0.01987         5      1024    0.7925    0.7069    0.7513     0.257   0.05894    0.0201         0
    11/299     4.76G   0.01723  0.002889         0   0.02012         2      1024    0.8425    0.6793    0.7595    0.2466   0.05944    0.0197         0
    12/299     4.76G   0.01638  0.002801         0   0.01918         9      1024    0.7685    0.6816    0.7255    0.2481   0.05864   0.02125         0
    13/299     4.76G   0.01561  0.002749         0   0.01836         0      1024     0.839     0.749    0.8167    0.3261   0.05799   0.01841         0
    14/299     4.76G   0.01586  0.002787         0   0.01864         4      1024    0.8293    0.7845     0.825    0.3222   0.05806   0.01908         0
    15/299     4.76G    0.0152  0.002796         0     0.018         2      1024    0.8067    0.7617    0.8096     0.287   0.05843   0.01811         0
    16/299     4.76G   0.01561  0.002749         0   0.01836         5      1024    0.8008    0.7909     0.829    0.3127   0.05771   0.01783         0
    17/299     4.76G   0.01534  0.002807         0   0.01814         2      1024    0.8221    0.7616    0.8187     0.325   0.05776   0.01846         0
    18/299     4.76G   0.01539  0.002767         0   0.01816         3      1024    0.8563    0.7627    0.8255    0.3017   0.05816   0.01778         0
    19/299     4.76G   0.01497    0.0027         0   0.01767         3      1024    0.8808    0.7719    0.8469    0.3393   0.05773   0.01637         0
    20/299     4.76G   0.01522   0.00259         0   0.01781         5      1024    0.8242    0.7313    0.7886    0.2641   0.05837   0.01772         0
    21/299     4.76G   0.01555  0.002577         0   0.01813         2      1024    0.8089    0.7833    0.8113    0.2833   0.05808    0.0172         0
    22/299     4.76G   0.01524  0.002769         0   0.01801         3      1024    0.8411    0.7921    0.8303    0.3464   0.05723   0.01618         0
    23/299     4.76G   0.01507  0.002685         0   0.01775         3      1024    0.8374    0.7655    0.8161    0.3214   0.05742   0.01742         0
    24/299     4.76G   0.01506  0.002543         0    0.0176         2      1024    0.8557    0.7972    0.8346     0.346   0.05742   0.01622         0
    25/299     4.76G   0.01444  0.002624         0   0.01706         1      1024    0.8421    0.7842    0.8298    0.3202    0.0574   0.01658         0
    26/299     4.76G   0.01494  0.002643         0   0.01758         0      1024    0.8652    0.8162    0.8563    0.3662   0.05716   0.01604         0
    27/299     4.76G   0.01547  0.002539         0   0.01801         4      1024    0.8502    0.8099    0.8557    0.3442   0.05716   0.01613         0
    28/299     4.76G   0.01473    0.0026         0   0.01733         3      1024    0.8646    0.7932    0.8438     0.357    0.0571   0.01625         0
    29/299     4.76G   0.01556  0.002528         0   0.01809         1      1024    0.8679    0.8365    0.8711    0.3715   0.05721   0.01591         0
    30/299     4.76G   0.01484  0.002523         0   0.01737         4      1024    0.8707    0.8035    0.8613    0.3741   0.05708   0.01617         0
    31/299     4.76G   0.01411  0.002619         0   0.01673         3      1024    0.8583    0.8213    0.8498    0.3645   0.05695    0.0155         0
    32/299     4.76G   0.01419  0.002412         0   0.01661         3      1024    0.8558    0.8289    0.8561     0.366   0.05693   0.01496         0
    33/299     4.76G   0.01406  0.002443         0    0.0165         7      1024    0.8805    0.8031    0.8566     0.363   0.05676   0.01541         0
    34/299     4.76G   0.01453  0.002406         0   0.01693         1      1024    0.8641      0.83    0.8645    0.3585    0.0571   0.01625         0
    35/299     5.01G   0.01465  0.002396         0   0.01705         0      1024    0.8948    0.8314    0.8732    0.3752   0.05673   0.01589         0
    36/299     5.01G     0.014   0.00238         0   0.01638         0      1024    0.8735    0.8238    0.8699    0.3549   0.05686   0.01588         0
    37/299     5.01G   0.01456  0.002469         0   0.01703         9      1024    0.8976    0.8108    0.8668    0.3613   0.05703    0.0151         0
    38/299     5.01G   0.01429  0.002319         0   0.01661         0      1024     0.889    0.7921    0.8555     0.361   0.05687   0.01584         0
    39/299     5.01G   0.01492  0.002377         0    0.0173         0      1024    0.8958    0.7972     0.861    0.3538   0.05704   0.01509         0
    40/299     5.01G   0.01464  0.002421         0   0.01707         8      1024    0.8838    0.8226     0.867     0.368   0.05688   0.01552         0
    41/299     5.01G   0.01398  0.002466         0   0.01644         3      1024    0.8829    0.8124    0.8646    0.3879   0.05675   0.01482         0
    42/299     5.01G   0.01431  0.002374         0   0.01668         5      1024    0.8773     0.825    0.8799    0.3791   0.05663   0.01506         0
    43/299     5.01G   0.01407  0.002374         0   0.01644         0      1024    0.8697    0.8124    0.8618    0.3666   0.05674    0.0147         0
    44/299     5.01G   0.01384  0.002404         0   0.01624         1      1024     0.883     0.823    0.8769    0.3786   0.05668    0.0155         0
    45/299     5.01G   0.01396   0.00224         0    0.0162         7      1024    0.8667    0.8504    0.8729    0.3847   0.05684   0.01501         0
    46/299     5.01G   0.01402  0.002346         0   0.01637         2      1024    0.8674    0.8555    0.8791     0.391   0.05659   0.01465         0
    47/299     5.01G   0.01357  0.002333         0    0.0159         0      1024     0.861    0.8403    0.8667    0.3793   0.05657   0.01497         0
    48/299     5.01G   0.01443  0.002302         0   0.01673         3      1024    0.9008    0.8288    0.8901    0.3892   0.05648   0.01572         0
    49/299     5.01G   0.01411  0.002291         0    0.0164         2      1024    0.8555    0.8403    0.8625    0.3854   0.05681   0.01459         0
    50/299     5.01G   0.01326  0.002154         0   0.01542         2      1024    0.8872    0.8479    0.8871    0.3888   0.05636   0.01487         0
    51/299     5.01G   0.01369  0.002274         0   0.01596         0      1024    0.9028    0.8361    0.8852    0.3957   0.05634   0.01503         0
    52/299     5.01G   0.01434  0.002264         0    0.0166         0      1024    0.8584    0.8602    0.8812    0.3775   0.05668   0.01533         0
    53/299     5.01G   0.01351  0.002337         0   0.01585        10      1024     0.858    0.8542     0.887    0.3834   0.05654   0.01552         0
    54/299     5.01G   0.01376  0.002376         0   0.01613        12      1024    0.8645     0.841    0.8765    0.3912   0.05655   0.01524         0
    55/299     5.01G   0.01374  0.002269         0   0.01601         1      1024    0.9101    0.8226      0.89    0.3996   0.05648   0.01466         0
    56/299     5.01G    0.0136  0.002377         0   0.01598         0      1024    0.8657    0.8175    0.8661    0.3689   0.05668   0.01574         0
    57/299     5.01G   0.01352  0.002249         0   0.01577         4      1024    0.8572    0.8314    0.8709    0.3783   0.05661   0.01524         0
    58/299     5.01G   0.01392  0.002173         0    0.0161         2      1024    0.8929    0.8365    0.8856    0.3949   0.05629   0.01542         0
    59/299     5.01G   0.01416  0.002268         0   0.01642         7      1024    0.8522    0.8477     0.871    0.3894    0.0564   0.01576         0
    60/299     5.01G   0.01383  0.002218         0   0.01605         7      1024    0.8812    0.8462     0.883    0.3953    0.0564   0.01553         0
    61/299     5.01G   0.01333  0.002273         0    0.0156         0      1024    0.8936     0.853    0.8908    0.3988   0.05617    0.0152         0
    62/299     5.01G   0.01355  0.002232         0   0.01579         2      1024    0.8539    0.8644    0.8851    0.3806   0.05644   0.01507         0
    63/299     5.01G   0.01387  0.002438         0   0.01631         4      1024    0.8789    0.8378    0.8781    0.3601   0.05683   0.01651         0
    64/299     5.01G   0.01367  0.002178         0   0.01585         5      1024    0.8855    0.8528    0.8901    0.4004   0.05631   0.01494         0
    65/299     5.01G   0.01367  0.002406         0   0.01608         2      1024    0.8826    0.8477     0.883    0.4053   0.05614   0.01484         0
    66/299     5.01G   0.01379  0.002241         0   0.01603         7      1024    0.8765    0.8542    0.8892    0.3887   0.05651   0.01513         0
    67/299     5.01G   0.01379  0.002215         0   0.01601         4      1024    0.8585    0.8692    0.8921    0.4046   0.05635   0.01505         0
    68/299     5.01G   0.01346  0.002352         0   0.01581         3      1024    0.8813    0.8568    0.8909    0.4142   0.05618   0.01562         0
    69/299     5.01G    0.0138  0.002326         0   0.01613         0      1024    0.9036    0.8365    0.8862    0.4083   0.05614   0.01485         0
    70/299     5.01G   0.01329  0.002171         0   0.01546         2      1024    0.8922      0.85    0.8916    0.4062   0.05619   0.01503         0
    71/299     5.01G   0.01332  0.002363         0   0.01568         5      1024    0.9074    0.8593    0.8992    0.4126   0.05613   0.01528         0
    72/299     5.01G   0.01373  0.002272         0     0.016         2      1024    0.9052    0.8606    0.8985    0.4161   0.05611   0.01474         0
    73/299     5.01G   0.01351  0.002182         0   0.01569         4      1024    0.8873    0.8578    0.8902    0.4007    0.0563   0.01566         0
    74/299     5.01G   0.01386  0.002307         0   0.01617        11      1024    0.8793    0.8606      0.89    0.4028   0.05624   0.01573         0
    75/299     5.01G   0.01396  0.002216         0   0.01617         1      1024    0.8872    0.8777    0.8991    0.3952   0.05625   0.01538         0
    76/299     5.01G   0.01377  0.002216         0   0.01599         0      1024    0.8971    0.8416    0.8859     0.404   0.05646   0.01522         0
    77/299     5.01G    0.0134  0.002128         0   0.01553         5      1024    0.9039    0.8464    0.8937    0.4079   0.05609   0.01529         0
    78/299     5.01G   0.01304  0.002209         0   0.01525         2      1024     0.877    0.8707    0.8995    0.4191   0.05594    0.0153         0
    79/299     5.01G   0.01345   0.00217         0   0.01562         6      1024    0.8651    0.8694    0.8965    0.4002   0.05608   0.01609         0
    80/299     5.01G   0.01387  0.002207         0   0.01608         1      1024    0.8889    0.8618    0.8931    0.4113   0.05613    0.0152         0
    81/299     5.01G   0.01314  0.002161         0    0.0153         3      1024    0.9037    0.8568    0.9011    0.4224   0.05585   0.01458         0
    82/299     5.01G    0.0129   0.00212         0   0.01502         0      1024     0.884    0.8796    0.9047    0.4107   0.05605   0.01538         0
    83/299     5.01G   0.01304  0.002194         0   0.01523         1      1024    0.9131    0.8657    0.9032    0.4095   0.05593   0.01535         0
    84/299     5.01G   0.01355   0.00219         0   0.01574         4      1024    0.9223    0.8441    0.8885    0.4071   0.05617   0.01513         0
    85/299     5.01G   0.01404   0.00218         0   0.01622         5      1024    0.9184    0.8414    0.8963    0.4159   0.05592   0.01525         0
    86/299     5.01G   0.01333  0.002104         0   0.01543         7      1024     0.884    0.8402    0.8843     0.395   0.05653   0.01505         0
    87/299     5.01G   0.01357  0.002102         0   0.01567         0      1024    0.9147    0.8567    0.8947    0.4092   0.05627   0.01519         0
    88/299     5.01G   0.01419  0.002266         0   0.01646         5      1024      0.89    0.8733    0.9062    0.4041   0.05612   0.01503         0
    89/299     5.01G   0.01358  0.002242         0   0.01583         6      1024    0.8905    0.8553    0.8868    0.4072   0.05627   0.01549         0
    90/299     5.01G    0.0128  0.002126         0   0.01493        10      1024     0.907    0.8652    0.9049    0.4063   0.05611   0.01567         0
    91/299     5.01G   0.01319  0.002176         0   0.01537         2      1024    0.9005    0.8771    0.8982    0.4088   0.05614   0.01525         0
    92/299     5.01G   0.01335  0.002146         0    0.0155         5      1024     0.902    0.8629     0.898    0.4063   0.05618    0.0149         0
    93/299     5.01G   0.01349  0.002192         0   0.01568         4      1024    0.8986    0.8669    0.8953      0.41   0.05603   0.01473         0
    94/299     5.01G   0.01333  0.002274         0    0.0156         7      1024    0.9042    0.8403    0.8835     0.409   0.05609   0.01562         0
    95/299     5.01G   0.01269  0.002231         0   0.01492         4      1024    0.8848    0.8466    0.8811    0.4007   0.05609   0.01553         0
    96/299     5.01G    0.0129  0.002152         0   0.01505         7      1024    0.8657    0.8908    0.8958    0.4166    0.0558   0.01461         0
    97/299     5.01G   0.01245   0.00219         0   0.01464         6      1024     0.874    0.8437    0.8694    0.4063   0.05621   0.01505         0
    98/299     5.01G   0.01292  0.002198         0   0.01512         2      1024    0.8965    0.8606    0.8903    0.4186   0.05581   0.01464         0
    99/299     5.01G   0.01325  0.002212         0   0.01546        13      1024    0.9206    0.8378    0.8918    0.4046   0.05603   0.01543         0
   100/299     5.01G   0.01355  0.002193         0   0.01574         8      1024    0.9147    0.8568    0.9045    0.4035   0.05588   0.01553         0
   101/299     5.01G   0.01283  0.002096         0   0.01493         2      1024    0.9289    0.8454    0.9073    0.4215   0.05582   0.01552         0
   102/299     5.01G   0.01315  0.002102         0   0.01525         9      1024    0.8927    0.8642    0.8924    0.4164    0.0559   0.01535         0
   103/299     5.01G   0.01312  0.002081         0    0.0152         3      1024    0.9063     0.872    0.9082     0.412   0.05611   0.01534         0
   104/299     5.01G   0.01284  0.002095         0   0.01494         5      1024    0.8893    0.8657    0.8959    0.4174   0.05594   0.01502         0
   105/299     5.01G   0.01303  0.002171         0   0.01521         4      1024    0.8878    0.8733    0.9012    0.4175   0.05586    0.0151         0
   106/299     5.01G   0.01348  0.002267         0   0.01575         4      1024    0.9027    0.8619    0.8875    0.4198   0.05578    0.0151         0
   107/299     5.01G   0.01296  0.002274         0   0.01523         4      1024    0.9064    0.8733    0.9048    0.4229   0.05586   0.01478         0
   108/299     5.01G   0.01267  0.002126         0   0.01479         1      1024    0.9099    0.8606    0.8973     0.419   0.05598   0.01502         0
   109/299     5.01G   0.01265  0.002199         0   0.01485         5      1024    0.8857    0.8657     0.887    0.4093   0.05599   0.01543         0
   110/299     5.01G   0.01282  0.002178         0     0.015         3      1024    0.8886     0.849    0.8879    0.4159   0.05586   0.01514         0
   111/299     5.01G   0.01326  0.002148         0    0.0154         0      1024    0.9317    0.8162    0.8957    0.4196   0.05573   0.01526         0
   112/299     5.01G   0.01274  0.002092         0   0.01483         5      1024    0.8732    0.8642    0.8901    0.3999   0.05618   0.01604         0
   113/299     5.01G   0.01307  0.002139         0   0.01521         0      1024    0.8908    0.8593    0.8886    0.4123   0.05606   0.01539         0
   114/299     5.01G   0.01272  0.002224         0   0.01494         2      1024    0.9156    0.8668     0.904    0.4153   0.05581   0.01535         0
   115/299     5.01G   0.01315  0.002131         0   0.01529         0      1024    0.9019    0.8618    0.8987    0.4263   0.05577    0.0154         0
   116/299     5.01G   0.01291  0.002198         0   0.01511         8      1024    0.8955    0.8691       0.9    0.4222    0.0559   0.01476         0
   117/299     5.01G    0.0127  0.002143         0   0.01485         3      1024    0.8978    0.8681    0.8953    0.4087   0.05603    0.0155         0
   118/299     5.01G   0.01271  0.002089         0    0.0148         2      1024    0.9019    0.8517    0.8935    0.4239   0.05589   0.01516         0
   119/299     5.01G   0.01295  0.002126         0   0.01508         5      1024    0.8774     0.891    0.9059    0.4278   0.05585   0.01515         0
   120/299     5.01G   0.01257  0.002104         0   0.01467         0      1024    0.9135     0.858    0.9067    0.4146   0.05593   0.01543         0
   121/299     5.01G   0.01243   0.00208         0   0.01451         1      1024    0.9038     0.858    0.8934    0.4253   0.05586   0.01485         0
   122/299     5.01G   0.01276  0.002109         0   0.01487         9      1024    0.9198    0.8606    0.9088     0.419   0.05575   0.01537         0
   123/299     5.01G   0.01279  0.002105         0    0.0149         0      1024     0.875    0.8694    0.8948    0.4259   0.05569   0.01496         0
   124/299     5.01G   0.01259  0.002128         0   0.01472         1      1024    0.8726    0.8885    0.9016     0.415   0.05588   0.01514         0
   125/299     5.01G   0.01224  0.002156         0   0.01439         3      1024    0.9067    0.8503     0.898    0.4209   0.05598   0.01524         0
   126/299     5.01G   0.01295  0.002164         0   0.01512         2      1024    0.9077    0.8492    0.8988    0.4192   0.05589   0.01496         0
   127/299     5.01G   0.01253  0.002082         0   0.01461         4      1024    0.8896     0.858    0.8897    0.4097   0.05605   0.01544         0
   128/299     5.01G   0.01268  0.002081         0   0.01476         7      1024    0.9007    0.8742    0.9075    0.4091   0.05613    0.0154         0
   129/299     5.01G   0.01227  0.002075         0   0.01434         2      1024    0.9039     0.858    0.8976    0.4175   0.05597   0.01561         0
   130/299     5.01G   0.01278  0.002045         0   0.01482         6      1024    0.9027    0.8705    0.9003    0.4182   0.05599     0.015         0
   131/299     5.01G    0.0126  0.002082         0   0.01469         4      1024     0.888    0.8643    0.8889    0.4223   0.05605   0.01503         0
   132/299     5.01G   0.01255     0.002         0   0.01455         5      1024    0.9154    0.8644    0.9081    0.4175   0.05591   0.01531         0
   133/299     5.01G   0.01217  0.002099         0   0.01427         2      1024    0.8831    0.8745    0.8995    0.4192   0.05599   0.01542         0
   134/299     5.01G    0.0125   0.00207         0   0.01457         0      1024    0.8965    0.8682    0.9033    0.4183   0.05598   0.01496         0
   135/299     5.01G   0.01208  0.002138         0   0.01422         3      1024    0.9254    0.8492     0.904    0.4223   0.05592    0.0149         0
   136/299     5.01G   0.01244  0.002044         0   0.01449         6      1024    0.9104    0.8631    0.9066    0.4282   0.05583   0.01503         0
   137/299     5.01G   0.01256  0.002153         0   0.01471         9      1024    0.9167    0.8441    0.8976    0.4295    0.0557   0.01531         0
   138/299     5.01G   0.01265  0.002044         0   0.01469         0      1024    0.9077    0.8599    0.9048    0.4276   0.05576   0.01514         0
   139/299     5.01G   0.01259  0.002037         0   0.01463         0      1024    0.8988    0.8669    0.9051     0.429   0.05584   0.01503         0
   140/299     5.01G   0.01238  0.002137         0   0.01451         5      1024    0.8998    0.8655    0.9029    0.4295   0.05563   0.01511         0
   141/299     5.01G   0.01204  0.002205         0   0.01425         2      1024    0.8921    0.8619    0.8956    0.4286   0.05581   0.01522         0
   142/299     5.01G   0.01209  0.002069         0   0.01416         5      1024    0.9055    0.8503    0.8907    0.4238   0.05583   0.01529         0
   143/299     5.01G   0.01303   0.00215         0   0.01518         3      1024    0.8764    0.8657    0.8799    0.4234    0.0559   0.01527         0
   144/299     5.01G   0.01268  0.002078         0   0.01476         5      1024    0.9123    0.8706    0.9059     0.422   0.05591   0.01536         0
   145/299     5.01G   0.01199   0.00218         0   0.01417         3      1024     0.891    0.8497    0.8809    0.4107    0.0558    0.0156         0
   146/299     5.01G   0.01243  0.002182         0   0.01461         5      1024    0.9078    0.8491    0.9041    0.4213   0.05575    0.0154         0
   147/299     5.01G   0.01264  0.002072         0   0.01471         5      1024    0.9148    0.8733    0.9071    0.4302   0.05565   0.01502         0
   148/299     5.01G   0.01264  0.002108         0   0.01475         3      1024    0.9341    0.8416    0.9017    0.4315   0.05555   0.01534         0
   149/299     5.01G   0.01251   0.00216         0   0.01467         0      1024    0.8725    0.8846    0.8921    0.4208   0.05582    0.0151         0
   150/299     5.01G   0.01243    0.0021         0   0.01453         1      1024    0.9135    0.8428    0.8903    0.4156   0.05589   0.01551         0
   151/299     5.01G   0.01211  0.002094         0    0.0142         3      1024    0.9053    0.8606    0.9031    0.4205   0.05582   0.01563         0
   152/299     5.01G   0.01168  0.002118         0    0.0138         4      1024    0.9013    0.8682    0.9027    0.4265   0.05564   0.01516         0
   153/299     5.01G   0.01166  0.002121         0   0.01378         2      1024    0.8896    0.8783    0.9047    0.4209   0.05573   0.01558         0
   154/299     5.01G    0.0123  0.002162         0   0.01447         3      1024    0.9036    0.8788    0.9145    0.4246   0.05555   0.01561         0
   155/299     5.01G   0.01256  0.002143         0   0.01471         0      1024    0.9114    0.8619    0.8987    0.4313   0.05551   0.01521         0
   156/299     5.01G   0.01248  0.002158         0   0.01464         3      1024    0.9245     0.854    0.9144    0.4334   0.05566    0.0152         0
   157/299     5.01G   0.01225  0.002128         0   0.01438         3      1024    0.8793    0.8769    0.8941    0.4185   0.05567   0.01556         0
   158/299     5.01G   0.01236  0.002145         0    0.0145         8      1024    0.9232     0.853    0.9095    0.4278   0.05577   0.01561         0
   159/299     5.01G   0.01201  0.002103         0   0.01411         5      1024    0.9292    0.8479    0.9038    0.4292   0.05559   0.01545         0
   160/299     5.01G   0.01174  0.002113         0   0.01385         0      1024    0.8993    0.8833    0.9094    0.4333   0.05564   0.01529         0
   161/299     5.01G    0.0119  0.002077         0   0.01398         0      1024    0.9249    0.8593    0.9117    0.4231   0.05578   0.01563         0
   162/299     5.01G   0.01164  0.002123         0   0.01376         1      1024    0.8952     0.877     0.913    0.4232   0.05565   0.01545         0
   163/299     5.01G    0.0118  0.002076         0   0.01387         4      1024    0.9107    0.8657    0.9088    0.4345   0.05551   0.01527         0
   164/299     5.01G   0.01229    0.0021         0   0.01439         6      1024    0.9166    0.8631    0.9018    0.4317    0.0555    0.0153         0
   165/299     5.01G   0.01184  0.002067         0    0.0139         2      1024    0.9018    0.8843    0.9147     0.429   0.05547   0.01515         0
   166/299     5.01G    0.0125  0.002088         0   0.01459         7      1024    0.9066    0.8619    0.9075    0.4284   0.05562   0.01523         0
   167/299     5.01G   0.01232  0.002034         0   0.01436         3      1024    0.9145    0.8542      0.91    0.4241   0.05568   0.01547         0
   168/299     5.01G   0.01184     0.002         0   0.01384         5      1024    0.8982    0.8644    0.9042    0.4236   0.05583   0.01565         0
   169/299     5.01G   0.01181   0.00205         0   0.01386         2      1024    0.9215    0.8314    0.8985    0.4184   0.05572   0.01565         0
   170/299     5.01G   0.01172  0.002108         0   0.01383         7      1024     0.899     0.858     0.899    0.4334    0.0556    0.0155         0
   171/299     5.01G   0.01177  0.002123         0    0.0139         4      1024    0.9053    0.8478    0.9046    0.4183   0.05573   0.01585         0
   172/299     5.01G   0.01204  0.002151         0   0.01419         0      1024    0.8966     0.858    0.9021    0.4251    0.0557   0.01566         0
   173/299     5.01G    0.0126   0.00207         0   0.01467         4      1024    0.9298      0.84    0.9079    0.4268   0.05574    0.0156         0
   174/299     5.01G   0.01216    0.0021         0   0.01426         5      1024    0.9014     0.858    0.9062    0.4279   0.05568   0.01547         0
   175/299     5.01G   0.01224  0.002078         0   0.01432         2      1024    0.8748    0.8858    0.9067    0.4287   0.05569    0.0156         0
   176/299     5.01G    0.0118  0.001996         0   0.01379         4      1024    0.9304    0.8639    0.9091    0.4266   0.05566   0.01584         0
   177/299     5.01G   0.01225  0.002086         0   0.01434         3      1024    0.9178    0.8492    0.9003    0.4264   0.05557   0.01541         0
   178/299     5.01G   0.01177  0.002023         0    0.0138         4      1024    0.9165    0.8504    0.9059    0.4157   0.05587   0.01569         0
   179/299     5.01G   0.01183  0.002123         0   0.01395         5      1024    0.8955     0.872    0.9005    0.4193   0.05582   0.01559         0
   180/299     5.01G   0.01136  0.002001         0   0.01336         4      1024    0.9148    0.8301    0.8891    0.4161    0.0558   0.01585         0
   181/299     5.01G   0.01152  0.002008         0   0.01353         2      1024    0.9242    0.8352     0.894      0.42   0.05573   0.01568         0
   182/299     5.01G   0.01161  0.001999         0   0.01361         3      1024    0.9051     0.858    0.8981    0.4121   0.05586   0.01587         0
   183/299     5.01G   0.01179  0.002032         0   0.01382         6      1024    0.8994    0.8644    0.9033    0.4216   0.05573   0.01589         0
   184/299     5.01G   0.01144  0.002083         0   0.01353         5      1024    0.9142    0.8378    0.8981    0.4208   0.05577   0.01543         0
   185/299     5.01G    0.0117  0.002099         0    0.0138         5      1024    0.8806    0.8796     0.902    0.4249   0.05568   0.01555         0
   186/299     5.01G   0.01152  0.001998         0   0.01352         3      1024    0.9287     0.825     0.896    0.4256   0.05568   0.01541         0
   187/299     5.01G   0.01167  0.002117         0   0.01379         6      1024     0.887    0.8682    0.8963    0.4266   0.05578   0.01584         0
   188/299     5.01G   0.01145  0.002017         0   0.01347         1      1024    0.9008    0.8631    0.8977    0.4135   0.05583   0.01619         0
   189/299     5.01G   0.01207   0.00212         0   0.01419         5      1024    0.8871    0.8771    0.8995     0.416    0.0558   0.01595         0
   190/299     5.01G   0.01168  0.002098         0   0.01378         4      1024     0.905    0.8694     0.905    0.4216   0.05571    0.0158         0
   191/299     5.01G   0.01119  0.001985         0   0.01318         2      1024    0.8846    0.8847    0.9083    0.4199   0.05582   0.01577         0
   192/299     5.01G   0.01123  0.002031         0   0.01326         0      1024     0.896    0.8731    0.9111    0.4236   0.05569   0.01572         0
   193/299     5.01G   0.01154  0.002036         0   0.01358         0      1024    0.9047    0.8555       0.9    0.4363   0.05558   0.01548         0
   194/299     5.01G    0.0115   0.00206         0   0.01356         2      1024    0.9073    0.8593    0.9026     0.427   0.05568   0.01573         0
   195/299     5.01G   0.01142  0.002072         0    0.0135         9      1024    0.9041     0.853    0.9029    0.4242   0.05573   0.01551         0
   196/299     5.01G   0.01143  0.002033         0   0.01346         4      1024    0.9014    0.8695    0.8976    0.4206   0.05575   0.01546         0
   197/299     5.01G   0.01187  0.001989         0   0.01385         4      1024    0.8923     0.853    0.8952    0.4132   0.05587   0.01582         0
   198/299     5.01G   0.01143  0.002067         0    0.0135         3      1024    0.8958    0.8669     0.902    0.4175   0.05581   0.01603         0
   199/299     5.01G    0.0118  0.002078         0   0.01387         0      1024    0.8794    0.8695    0.9005    0.4119   0.05594   0.01574         0
   200/299     5.01G   0.01138  0.002144         0   0.01352         4      1024    0.9064    0.8492    0.9036    0.4174   0.05582   0.01597         0
   201/299     5.01G   0.01093  0.001997         0   0.01293         3      1024    0.8973    0.8758    0.9128    0.4187   0.05563   0.01585         0
   202/299     5.01G   0.01081  0.002017         0   0.01282         3      1024    0.9122    0.8568    0.9047     0.418   0.05568   0.01609         0
   203/299     5.01G   0.01127  0.001985         0   0.01325         4      1024    0.8932    0.8809    0.9021    0.4183   0.05566   0.01582         0
   204/299     5.01G   0.01118  0.001974         0   0.01315         4      1024    0.8884    0.8783    0.8974    0.4234   0.05575   0.01571         0
   205/299     5.01G   0.01094  0.001957         0    0.0129         0      1024    0.8923    0.8834    0.9161    0.4272   0.05564   0.01575         0
   206/299     5.01G   0.01136  0.001991         0   0.01335         1      1024    0.9013    0.8682    0.9064    0.4224   0.05573   0.01586         0
   207/299     5.01G   0.01121  0.001975         0   0.01318         4      1024    0.8971    0.8618    0.9035    0.4152   0.05582   0.01588         0
   208/299     5.01G   0.01161  0.002022         0   0.01363         8      1024    0.9119     0.853    0.9045    0.4253    0.0557   0.01575         0
   209/299     5.01G   0.01152  0.002055         0   0.01358         6      1024    0.9056    0.8657     0.908    0.4243   0.05569   0.01585         0
   210/299     5.01G   0.01138  0.002069         0   0.01345         6      1024    0.9008    0.8631    0.9021     0.431   0.05557   0.01566         0
   211/299     5.01G   0.01133  0.002018         0   0.01335         6      1024      0.93    0.8441    0.9038     0.426   0.05563   0.01568         0
   212/299     5.01G   0.01139  0.002076         0   0.01347         0      1024    0.9209    0.8454    0.9073    0.4216   0.05563   0.01592         0
   213/299     5.01G   0.01115  0.002109         0   0.01326         4      1024    0.9029    0.8603    0.9098    0.4187   0.05574   0.01583         0
   214/299     5.01G   0.01123  0.002077         0   0.01331         4      1024    0.9113    0.8479    0.9035    0.4197    0.0557   0.01619         0
   215/299     5.01G   0.01053  0.001991         0   0.01252         3      1024    0.8809     0.872    0.9017    0.4177   0.05579   0.01603         0
   216/299     5.01G   0.01101  0.002038         0   0.01304         1      1024    0.8839    0.8885    0.9124    0.4219    0.0557   0.01583         0
   217/299     5.01G   0.01149  0.002083         0   0.01357         3      1024    0.9042    0.8491    0.9003    0.4155    0.0557   0.01591         0
   218/299     5.01G    0.0107  0.001929         0   0.01263         2      1024    0.9306    0.8403    0.9097    0.4247   0.05564   0.01572         0
   219/299     5.01G   0.01082  0.001965         0   0.01278         7      1024    0.9131    0.8669    0.9163    0.4215    0.0557    0.0157         0
   220/299     5.01G   0.01089  0.001953         0   0.01285         5      1024    0.9334     0.853     0.917    0.4258   0.05565   0.01552         0
   221/299     5.01G   0.01081  0.002008         0   0.01282         2      1024    0.9012    0.8782    0.9169    0.4218   0.05568   0.01566         0
   222/299     5.01G   0.01136  0.002132         0    0.0135         6      1024    0.9046    0.8657    0.9107     0.421   0.05562   0.01583         0
   223/299     5.01G   0.01093  0.001938         0   0.01287         6      1024    0.9195    0.8542    0.9084    0.4173   0.05569   0.01588         0
   224/299     5.01G   0.01087  0.002023         0   0.01289         3      1024    0.9473    0.8466    0.9143    0.4246   0.05569   0.01602         0
   225/299     5.01G    0.0108  0.002112         0   0.01291         4      1024     0.921    0.8568     0.912    0.4192    0.0557   0.01609         0
   226/299     5.01G   0.01096  0.002066         0   0.01303         3      1024    0.9057    0.8657    0.9144    0.4209   0.05568     0.016         0
   227/299     5.01G   0.01074  0.002033         0   0.01277         0      1024     0.915      0.86    0.9161     0.429   0.05556   0.01578         0
   228/299     5.01G   0.01042  0.001972         0   0.01239         2      1024    0.9225    0.8452    0.9113    0.4284   0.05559   0.01589         0
   229/299     5.01G   0.01066  0.002043         0    0.0127         3      1024    0.9014    0.8693    0.9089    0.4256   0.05563   0.01578         0
   230/299     5.01G   0.01149  0.001975         0   0.01346         0      1024    0.8935    0.8441    0.9035    0.4227   0.05571   0.01594         0
   231/299     5.01G   0.01099  0.002076         0   0.01307         2      1024     0.894    0.8656    0.9076    0.4235   0.05566   0.01603         0
   232/299     5.01G   0.01106  0.001981         0   0.01304         5      1024    0.9192    0.8656    0.9156    0.4273   0.05563   0.01621         0
   233/299     5.01G   0.01029  0.002044         0   0.01233         4      1024    0.9236     0.858    0.9085    0.4236   0.05567   0.01612         0
   234/299     5.01G   0.01085  0.001954         0   0.01281         2      1024    0.8993     0.872    0.9076    0.4203    0.0557   0.01599         0
   235/299     5.01G   0.01072  0.001982         0    0.0127         0      1024    0.9126    0.8606    0.9098    0.4173   0.05575   0.01609         0
   236/299     5.01G   0.01029  0.001976         0   0.01227         5      1024    0.9141    0.8631    0.9103    0.4275   0.05566   0.01585         0
   237/299     5.01G   0.01114  0.001973         0   0.01311         3      1024    0.9095    0.8669    0.9125    0.4263   0.05568   0.01593         0
   238/299     5.01G   0.01128  0.001999         0   0.01328         3      1024    0.8974    0.8757    0.9087    0.4212   0.05562   0.01607         0
   239/299     5.01G   0.01078  0.002044         0   0.01282         2      1024    0.9032    0.8631    0.9056    0.4239   0.05557   0.01598         0
   240/299     5.01G   0.01098  0.002021         0     0.013         0      1024    0.9264    0.8618    0.9131     0.425   0.05555   0.01595         0
   241/299     5.01G   0.01088  0.001997         0   0.01288         2      1024    0.9088    0.8846    0.9185    0.4273   0.05558   0.01581         0
   242/299     5.01G   0.01069  0.002005         0    0.0127         7      1024    0.9149     0.872    0.9139    0.4247   0.05556    0.0156         0
   243/299     5.01G   0.01053  0.001941         0   0.01247         1      1024    0.8973    0.8858    0.9128     0.423    0.0556   0.01574         0
   244/299     5.01G   0.01047  0.002034         0   0.01251         1      1024    0.9148    0.8872    0.9242    0.4231   0.05558   0.01586         0
   245/299     5.01G   0.01017  0.001973         0   0.01214         5      1024      0.92    0.8606    0.9083     0.427   0.05552   0.01601         0
   246/299     5.01G   0.01065  0.002056         0    0.0127         9      1024    0.9103    0.8631    0.9059    0.4259   0.05553   0.01606         0
   247/299     5.01G   0.01062  0.001978         0    0.0126         9      1024    0.9107    0.8542       0.9     0.419   0.05567   0.01614         0
   248/299     5.01G    0.0105  0.002014         0   0.01252         4      1024    0.9122    0.8555    0.9011    0.4195   0.05564   0.01601         0
   249/299     5.01G   0.01097  0.002016         0   0.01299         4      1024    0.9284    0.8555    0.9082    0.4211   0.05559   0.01596         0
   250/299     5.01G   0.01071  0.001988         0    0.0127         7      1024     0.921    0.8567    0.9072    0.4204   0.05564   0.01604         0
   251/299     5.01G   0.01017  0.001966         0   0.01213         2      1024    0.9311    0.8428    0.9108    0.4179   0.05564    0.0161         0
   252/299     5.01G   0.01068  0.001977         0   0.01265         9      1024    0.9122    0.8695    0.9103    0.4213   0.05562   0.01614         0
   253/299     5.01G   0.01065  0.001954         0    0.0126         0      1024    0.9233    0.8416    0.8965    0.4182   0.05559   0.01599         0
   254/299     5.01G    0.0107  0.001952         0   0.01265         3      1024    0.9151    0.8657    0.9121    0.4186   0.05566   0.01595         0
   255/299     5.01G   0.01096   0.00197         0   0.01293         2      1024    0.8808    0.8896    0.9028    0.4158    0.0557    0.0161         0
   256/299     5.01G   0.01052  0.002011         0   0.01253         5      1024     0.908    0.8758    0.9134    0.4188   0.05569   0.01615         0
   257/299     5.01G   0.01019  0.001988         0   0.01218         3      1024    0.9133    0.8677     0.914    0.4199   0.05567   0.01619         0
   258/299     5.01G   0.01059  0.001993         0   0.01258         3      1024    0.9109     0.858    0.9082    0.4211   0.05569   0.01617         0
   259/299     5.01G   0.01066  0.002028         0   0.01269         5      1024    0.8934    0.8834     0.909    0.4183   0.05569     0.016         0
   260/299     5.01G  0.009929   0.00197         0    0.0119         7      1024    0.9296    0.8541    0.9146     0.426   0.05564   0.01585         0
   261/299     5.01G   0.01023  0.002015         0   0.01225        13      1024    0.9025    0.8679    0.9031    0.4238   0.05568   0.01603         0
   262/299     5.01G   0.01007  0.001889         0   0.01196         3      1024    0.8736    0.8859    0.9017    0.4202   0.05565    0.0162         0
   263/299     5.01G    0.0101  0.001912         0   0.01201         0      1024    0.9361    0.8352    0.9053    0.4224   0.05563    0.0162         0
   264/299     5.01G   0.01021  0.001964         0   0.01217         0      1024    0.9141    0.8627     0.911    0.4224   0.05559   0.01603         0
   265/299     5.01G    0.0106  0.001943         0   0.01254         5      1024    0.9099    0.8593    0.9058    0.4241   0.05558   0.01603         0
   266/299     5.01G   0.01068  0.001985         0   0.01266         4      1024    0.9089    0.8619    0.9042    0.4245   0.05559   0.01601         0
   267/299     5.01G   0.01046   0.00204         0    0.0125         1      1024    0.9054    0.8745    0.9125    0.4269   0.05557   0.01592         0
   268/299     5.01G   0.01043  0.001976         0   0.01241         3      1024    0.9114    0.8745    0.9135    0.4279   0.05556   0.01598         0
   269/299     5.01G   0.01026  0.001975         0   0.01223         5      1024    0.8993    0.8834    0.9147    0.4248   0.05557   0.01595         0
   270/299     5.01G  0.009857  0.001966         0   0.01182         2      1024    0.9093    0.8768    0.9081    0.4259   0.05556   0.01593         0
   271/299     5.01G   0.01015  0.002041         0   0.01219         5      1024    0.9111    0.8834    0.9127    0.4239    0.0556     0.016         0
   272/299     5.01G   0.01007  0.001933         0     0.012         3      1024    0.9055    0.8758    0.9047    0.4217   0.05566   0.01608         0
   273/299     5.01G  0.009598  0.001941         0   0.01154         5      1024    0.9155    0.8657    0.9059    0.4231   0.05563   0.01599         0
   274/299     5.01G   0.01044  0.001998         0   0.01244         6      1024    0.9312    0.8416    0.9024    0.4246   0.05561   0.01599         0
   275/299     5.01G   0.01002  0.001957         0   0.01198         6      1024    0.9169    0.8529    0.9017    0.4227   0.05562   0.01607         0
   276/299     5.01G   0.01006  0.001952         0   0.01201         0      1024    0.9247    0.8566    0.9064    0.4224   0.05559   0.01608         0
   277/299     5.01G   0.00991  0.001968         0   0.01188         8      1024    0.9154    0.8644    0.9063    0.4213   0.05563   0.01603         0
   278/299     5.01G  0.009609  0.001938         0   0.01155         0      1024    0.9207    0.8529    0.9049    0.4176    0.0557    0.0161         0
   279/299     5.01G  0.009825  0.001989         0   0.01181         0      1024    0.9106    0.8657    0.9083    0.4178   0.05573   0.01614         0
   280/299     5.01G  0.009707   0.00195         0   0.01166         0      1024    0.9132    0.8542    0.9052    0.4171   0.05574   0.01617         0
   281/299     5.01G   0.01009  0.001979         0   0.01207         6      1024    0.9217    0.8501    0.9033    0.4205   0.05571   0.01611         0
   282/299     5.01G  0.009973  0.001962         0   0.01194         8      1024    0.9171     0.855    0.9041    0.4184    0.0557   0.01612         0
   283/299     5.01G  0.009537  0.001986         0   0.01152        17      1024    0.9116    0.8644    0.9026    0.4132   0.05578   0.01622         0
   284/299     5.01G   0.00989  0.001915         0   0.01181         3      1024    0.9123    0.8567    0.9026    0.4104   0.05584   0.01617         0
   285/299     5.01G  0.009737  0.002027         0   0.01176         2      1024    0.9174    0.8454    0.8966    0.4137    0.0558   0.01612         0
   286/299     5.01G  0.009908   0.00193         0   0.01184         6      1024    0.9367     0.825    0.8931    0.4079   0.05582   0.01629         0
   287/299     5.01G   0.01013  0.001935         0   0.01207         3      1024    0.8915    0.8744    0.9008      0.41    0.0558   0.01629         0
   288/299     5.01G  0.009931  0.002083         0   0.01201         7      1024    0.8837    0.8695    0.8993    0.4105   0.05577   0.01626         0
   289/299     5.01G   0.01006  0.001946         0   0.01201         5      1024    0.8907     0.868    0.8963    0.4142   0.05575   0.01629         0
   290/299     5.01G  0.009859  0.001899         0   0.01176         1      1024    0.8988    0.8668    0.9022    0.4161   0.05571   0.01611         0
   291/299     5.01G  0.009747  0.001915         0   0.01166         2      1024    0.9097    0.8554    0.9002    0.4133   0.05577   0.01614         0
   292/299     5.01G  0.009642  0.001996         0   0.01164         2      1024    0.9055    0.8644    0.9048    0.4143    0.0558    0.0161         0
   293/299     5.01G  0.009759  0.002011         0   0.01177         0      1024    0.9099    0.8593    0.9078    0.4145   0.05576   0.01611         0
   294/299     5.01G  0.009615  0.001897         0   0.01151         3      1024    0.9096    0.8682    0.9084    0.4176    0.0557   0.01609         0
   295/299     5.01G  0.009691  0.001933         0   0.01162         2      1024    0.9042    0.8732    0.9073    0.4206   0.05568   0.01615         0
   296/299     5.01G   0.00982  0.002031         0   0.01185         5      1024    0.8948    0.8745    0.9056    0.4187   0.05563   0.01615         0
   297/299     5.01G  0.009814  0.002001         0   0.01182         8      1024    0.9007    0.8631    0.8993    0.4161   0.05566   0.01618         0
   298/299     5.01G   0.00984  0.001942         0   0.01178         3      1024    0.8986    0.8758    0.9035    0.4147   0.05569   0.01621         0
   299/299     5.01G  0.009545  0.002036         0   0.01158         5      1024    0.9047    0.8779    0.9081    0.4121   0.05572   0.01621         0
