     0/199    0.828G   0.07329   0.01132         0   0.08461        16      1024         0         0         0         0    0.1002   0.01296         0
     1/199     3.17G   0.04424  0.002697         0   0.04694        29      1024   0.01071   0.02281  0.001677 0.0003022    0.0943   0.02103         0
     2/199     3.19G    0.0294  0.002701         0    0.0321        31      1024   0.09189    0.1508   0.04133  0.008481   0.08741   0.02489         0
     3/199      3.2G    0.0253  0.003283         0   0.02858        20      1024   0.06092    0.1965   0.03585  0.009054   0.08122   0.03062         0
     4/199     3.21G   0.02293  0.003632         0   0.02656        18      1024    0.1406    0.2674   0.08233   0.01573    0.0773   0.03134         0
     5/199     3.22G   0.02164  0.003679         0   0.02532        21      1024    0.4693    0.4449    0.3799    0.1018   0.07538   0.03103         0
     6/199     3.22G   0.02071  0.003404         0   0.02412        35      1024    0.5031    0.4838    0.4236    0.1067   0.07318   0.02782         0
     7/199     3.22G    0.0201  0.003141         0   0.02324        33      1024    0.3114    0.3346    0.2176   0.04088   0.07499    0.0247         0
     8/199     3.22G   0.01981  0.003122         0   0.02293        34      1024    0.7509     0.602    0.6658    0.2204   0.06952   0.02378         0
     9/199     3.22G   0.01847  0.003019         0   0.02149        24      1024    0.7029    0.6527    0.6891    0.2287   0.06942    0.0223         0
    10/199     3.22G   0.01866  0.002861         0   0.02152        31      1024    0.6472    0.6299    0.6427     0.193   0.06489   0.02239         0
    11/199     3.22G   0.01864  0.002909         0   0.02155        41      1024    0.7027    0.6819     0.673    0.2125   0.06492   0.01965         0
    12/199     3.22G   0.01708   0.00287         0   0.01995        13      1024    0.7075    0.6831    0.6742    0.2053   0.06404   0.02059         0
    13/199     3.22G   0.01716  0.002881         0   0.02004        30      1024    0.8314    0.6831    0.7546     0.259   0.06348   0.01987         0
    14/199     3.22G   0.01743  0.002867         0    0.0203        29      1024    0.8233     0.711    0.7569    0.2651   0.06505   0.01978         0
    15/199     3.22G   0.01725  0.002774         0   0.02002        31      1024    0.8117    0.7326    0.7863    0.3005   0.06451   0.01823         0
    16/199     3.22G   0.01656  0.002789         0   0.01935        23      1024    0.7957    0.7237     0.756    0.2491   0.06452   0.01876         0
    17/199     3.22G   0.01617  0.002766         0   0.01894        26      1024    0.7893    0.7516    0.7791    0.2905   0.06311   0.01871         0
    18/199     3.22G   0.01654  0.002772         0   0.01932        30      1024    0.8164     0.744    0.7938    0.2918   0.06333   0.01818         0
    19/199     3.22G   0.01613  0.002755         0   0.01888        23      1024    0.8151    0.7599    0.8046    0.2959    0.0636    0.0181         0
    20/199     3.22G   0.01781  0.002675         0   0.02049        15      1024    0.8269    0.7324    0.7754    0.2631   0.06388   0.01793         0
    21/199     3.22G   0.01811  0.002712         0   0.02082        27      1024    0.8481    0.7643    0.8097    0.3006   0.06333   0.01826         0
    22/199     3.22G   0.01665  0.002659         0   0.01931        19      1024    0.8815    0.7262    0.8121    0.3142   0.06366   0.01735         0
    23/199     3.23G   0.01624   0.00261         0   0.01885        31      1024    0.8913    0.7541     0.836    0.3225   0.06312   0.01687         0
    24/199     3.23G   0.01763  0.002609         0   0.02024        12      1024    0.8423    0.7716    0.8265    0.3225   0.06319   0.01763         0
    25/199     3.23G   0.01715  0.002725         0   0.01987        29      1024    0.8594    0.7744    0.8305    0.3131   0.06312     0.017         0
    26/199     3.23G   0.01726   0.00271         0   0.01997        36      1024    0.8439    0.7833    0.8232    0.3171   0.06319   0.01768         0
    27/199     3.23G    0.0164  0.002563         0   0.01897        20      1024    0.8353    0.8035    0.8388    0.3343   0.06312   0.01707         0
    28/199     3.24G   0.01705  0.002593         0   0.01964        17      1024    0.8465    0.7833    0.8207    0.3185   0.06339    0.0173         0
    29/199     3.26G   0.01716  0.002607         0   0.01977        23      1024    0.8826    0.7833    0.8337    0.3408   0.06279   0.01734         0
    30/199     3.26G   0.01589  0.002544         0   0.01844        15      1024    0.8477    0.8124    0.8375    0.3177   0.06302   0.01725         0
    31/199     3.26G   0.01632   0.00257         0   0.01889        18      1024      0.87    0.7655    0.8236    0.3318   0.06295   0.01718         0
    32/199     3.26G   0.01744  0.002556         0   0.01999        27      1024    0.8428    0.7972    0.8375    0.3392   0.06282    0.0167         0
    33/199     3.26G   0.01655  0.002511         0   0.01906        22      1024    0.8585    0.7795     0.849    0.3336   0.06311   0.01606         0
    34/199     3.26G   0.01607  0.002523         0   0.01859        15      1024    0.8967    0.7704    0.8458    0.3407   0.06269   0.01662         0
    35/199     3.26G   0.01696  0.002501         0   0.01946        31      1024    0.8594    0.8226    0.8539    0.3504   0.06263   0.01592         0
    36/199     3.26G   0.01815  0.002505         0   0.02066        23      1024    0.8635    0.7871     0.834    0.3334   0.06257   0.01729         0
    37/199     3.26G    0.0159  0.002584         0   0.01848        19      1024    0.8655    0.8276    0.8646    0.3536   0.06261   0.01643         0
    38/199     3.26G   0.01744  0.002449         0   0.01989        13      1024    0.8381    0.8396    0.8484    0.3644   0.06253   0.01646         0
    39/199     3.26G   0.01509  0.002543         0   0.01763        36      1024    0.8706    0.7947    0.8498    0.3455   0.06287   0.01651         0
    40/199     3.26G   0.01782  0.002593         0   0.02041        14      1024    0.8259    0.8237    0.8327    0.3526     0.063   0.01569         0
    41/199     3.26G   0.01749   0.00241         0    0.0199        36      1024    0.8624    0.8261    0.8604    0.3588    0.0626   0.01587         0
    42/199     3.26G   0.01614  0.002352         0   0.01849        28      1024    0.8466    0.8187     0.853     0.349   0.06249   0.01635         0
    43/199     3.26G   0.01661  0.002498         0   0.01911        19      1024    0.8679    0.8326    0.8623    0.3712   0.06226   0.01642         0
    44/199     3.26G   0.01701  0.002436         0   0.01944        15      1024    0.8819    0.8137      0.85    0.3607   0.06248   0.01639         0
    45/199     3.26G   0.01763  0.002411         0   0.02004        21      1024    0.9063    0.7921    0.8643    0.3716   0.06239   0.01662         0
    46/199     3.26G   0.01707  0.002449         0   0.01952        29      1024     0.867    0.8098    0.8475    0.3592   0.06227   0.01619         0
    47/199     3.26G    0.0155  0.002371         0   0.01787        13      1024    0.8808    0.8144    0.8566    0.3527   0.06253   0.01606         0
    48/199     3.26G   0.01672  0.002408         0   0.01913        14      1024    0.8666    0.8478     0.871    0.3576    0.0623   0.01633         0
    49/199     3.26G   0.01482  0.002413         0   0.01723        24      1024    0.8832    0.8145    0.8617    0.3657    0.0624   0.01639         0
    50/199     3.26G   0.01579  0.002391         0   0.01818        27      1024    0.8779     0.811    0.8586    0.3608   0.06242   0.01599         0
    51/199     3.26G   0.01577   0.00237         0   0.01814        43      1024    0.8814    0.8285    0.8643     0.361   0.06245   0.01591         0
    52/199     3.26G   0.01661   0.00247         0   0.01908        27      1024    0.8858    0.8162    0.8585    0.3709   0.06236   0.01559         0
    53/199     3.26G   0.01452  0.002376         0   0.01689        41      1024    0.8705     0.839    0.8689    0.3622   0.06229   0.01569         0
    54/199     3.26G   0.01633  0.002439         0   0.01877        34      1024    0.8917    0.8032    0.8666    0.3613    0.0623   0.01601         0
    55/199     3.26G   0.01566  0.002241         0    0.0179        17      1024    0.8631     0.834    0.8642    0.3768   0.06204   0.01595         0
    56/199     3.26G   0.01521  0.002371         0   0.01758        20      1024    0.8676    0.8479    0.8762    0.3655   0.06237   0.01571         0
    57/199     3.26G   0.01503  0.002277         0    0.0173        27      1024    0.9004    0.8133     0.869     0.373   0.06227   0.01602         0
    58/199     3.26G   0.01674  0.002285         0   0.01902        21      1024    0.8618     0.822    0.8594    0.3781    0.0622   0.01548         0
    59/199     3.26G    0.0162  0.002423         0   0.01862        22      1024    0.8798    0.8161    0.8663    0.3773   0.06212   0.01616         0
    60/199     3.26G   0.01545  0.002315         0   0.01777        16      1024    0.9041    0.8123    0.8668    0.3796   0.06201   0.01599         0
    61/199     3.26G   0.01754  0.002419         0   0.01996        26      1024    0.8404    0.8352    0.8542    0.3537   0.06217   0.01609         0
    62/199     3.26G   0.01562  0.002335         0   0.01795        37      1024    0.8598    0.8492    0.8769    0.3691   0.06215   0.01604         0
    63/199     3.26G   0.01506  0.002434         0   0.01749        32      1024    0.8852    0.8226    0.8742    0.3654   0.06226    0.0162         0
    64/199     3.26G   0.01551    0.0023         0   0.01781        10      1024    0.8673    0.8286     0.874    0.3766   0.06207   0.01619         0
    65/199     3.26G   0.01657  0.002405         0   0.01898        30      1024       0.9    0.8099    0.8695    0.3795    0.0622   0.01564         0
    66/199     3.26G   0.01523   0.00235         0   0.01758        25      1024    0.8935    0.8086    0.8612    0.3805   0.06188   0.01657         0
    67/199     3.26G   0.01525  0.002302         0   0.01755        13      1024    0.8777    0.8274    0.8777    0.3781   0.06187   0.01567         0
    68/199     3.26G   0.01736  0.002363         0   0.01973        16      1024    0.9112    0.8058    0.8778    0.3823     0.062   0.01605         0
    69/199     3.26G   0.01473  0.002435         0   0.01716        31      1024    0.8882    0.8061    0.8674    0.3833   0.06181   0.01585         0
    70/199     3.26G   0.01523   0.00227         0    0.0175        47      1024    0.8814    0.8403    0.8768    0.3819   0.06184   0.01538         0
    71/199     3.26G   0.01558  0.002343         0   0.01792        40      1024    0.8936    0.8198    0.8693     0.383   0.06198   0.01599         0
    72/199     3.26G   0.01468  0.002349         0   0.01703        27      1024       0.9      0.81    0.8649    0.3815   0.06184   0.01587         0
    73/199     3.26G   0.01466  0.002283         0   0.01695        19      1024    0.8866    0.8324    0.8746    0.3704   0.06205   0.01549         0
    74/199     3.26G    0.0151  0.002347         0   0.01744        20      1024    0.8748    0.8415    0.8786    0.3919   0.06186    0.0156         0
    75/199     3.26G   0.01604  0.002298         0   0.01834        28      1024    0.9041    0.8213    0.8814    0.3841   0.06185   0.01549         0
    76/199     3.26G   0.01442  0.002341         0   0.01676        28      1024    0.8847    0.8074    0.8703    0.3864   0.06178    0.0156         0
    77/199     3.26G   0.01522  0.002327         0   0.01754        34      1024    0.8868     0.815    0.8729    0.3835   0.06203   0.01536         0
    78/199     3.26G   0.01619  0.002333         0   0.01852        17      1024    0.8968    0.8148    0.8761    0.3875   0.06193   0.01538         0
    79/199     3.26G   0.01535  0.002425         0   0.01777        25      1024    0.8929    0.8352    0.8809    0.3927   0.06173   0.01539         0
    80/199     3.26G     0.015  0.002249         0   0.01725        21      1024    0.8626    0.8365    0.8661    0.3815   0.06181   0.01582         0
    81/199     3.26G   0.01671  0.002285         0     0.019        21      1024    0.8582    0.8365    0.8748    0.3806   0.06191   0.01648         0
    82/199     3.26G   0.01525  0.002396         0   0.01765        24      1024    0.9126    0.8072    0.8761    0.3872   0.06169   0.01586         0
    83/199     3.26G   0.01613  0.002407         0   0.01854        17      1024    0.8837     0.839    0.8791    0.3876   0.06183   0.01589         0
    84/199     3.26G   0.01774  0.002397         0   0.02013        42      1024    0.9204    0.8238    0.8942    0.3833   0.06177   0.01573         0
    85/199     3.26G   0.01456  0.002243         0    0.0168        37      1024     0.891    0.8389    0.8835    0.3949   0.06161   0.01575         0
    86/199     3.26G     0.015  0.002319         0   0.01732        24      1024    0.9015    0.8236    0.8815    0.3884   0.06184   0.01532         0
    87/199     3.26G   0.01673  0.002362         0   0.01909        19      1024    0.8981    0.8486     0.891    0.3965   0.06174   0.01547         0
    88/199     3.26G   0.01415  0.002339         0   0.01649        34      1024    0.8915     0.854    0.8896    0.3844   0.06182   0.01573         0
    89/199     3.26G     0.015  0.002315         0   0.01731         8      1024    0.8618    0.8466    0.8762    0.3945   0.06178   0.01553         0
    90/199     3.26G   0.01451  0.002398         0   0.01691        35      1024    0.8857     0.825    0.8757    0.3962    0.0617   0.01615         0
    91/199     3.26G   0.01522  0.002263         0   0.01748        22      1024    0.8853    0.8327    0.8864    0.3932   0.06179   0.01574         0
    92/199     3.26G   0.01563  0.002273         0    0.0179        23      1024    0.8884    0.8289    0.8881    0.3876   0.06183   0.01598         0
    93/199     3.26G   0.01542  0.002354         0   0.01777        24      1024    0.8753    0.8454    0.8832    0.3865   0.06168   0.01546         0
    94/199     3.26G    0.0144  0.002292         0    0.0167        17      1024    0.8966      0.82    0.8755    0.3944   0.06159   0.01603         0
    95/199     3.26G   0.01628  0.002243         0   0.01852        28      1024    0.9103    0.8238    0.8847    0.3958   0.06154   0.01566         0
    96/199     3.26G   0.01481  0.002198         0   0.01701        31      1024    0.8792     0.849    0.8857     0.385   0.06177   0.01575         0
    97/199     3.26G   0.01486  0.002285         0   0.01715        33      1024    0.8816    0.8403    0.8783    0.3908   0.06159   0.01564         0
    98/199     3.26G   0.01517  0.002333         0    0.0175        24      1024     0.877    0.8313    0.8717    0.3903   0.06165   0.01595         0
    99/199     3.26G   0.01568  0.002277         0   0.01796        28      1024    0.8999    0.8327    0.8897    0.4008    0.0615   0.01585         0
   100/199     3.26G   0.01518    0.0023         0   0.01748        40      1024    0.9088    0.8212    0.8875    0.3976   0.06151   0.01573         0
   101/199     3.26G   0.01472  0.002289         0   0.01701        26      1024    0.8906     0.836    0.8844    0.3885   0.06164   0.01614         0
   102/199     3.26G   0.01585  0.002383         0   0.01824        20      1024    0.8782     0.868     0.891    0.3929   0.06152   0.01556         0
   103/199     3.26G   0.01498  0.002216         0    0.0172        36      1024    0.8827     0.839    0.8813    0.3936   0.06155   0.01593         0
   104/199     3.26G   0.01662  0.002326         0   0.01894        14      1024     0.881    0.8349     0.874    0.3829   0.06183    0.0165         0
   105/199     3.26G   0.01612  0.002331         0   0.01845        22      1024    0.8786    0.8492    0.8893    0.3952   0.06168   0.01566         0
   106/199     3.26G   0.01599  0.002191         0   0.01818        20      1024    0.8681    0.8733    0.8994    0.3961   0.06155   0.01589         0
   107/199     3.26G    0.0145  0.002263         0   0.01676        23      1024    0.8811    0.8641    0.8956    0.3965    0.0616   0.01567         0
   108/199     3.26G     0.015  0.002228         0   0.01722        22      1024    0.8873     0.858    0.8892    0.3927   0.06152   0.01583         0
   109/199     3.26G   0.01447  0.002275         0   0.01675        30      1024    0.8593    0.8669    0.8883    0.4032   0.06149   0.01556         0
   110/199     3.26G   0.01493  0.002193         0   0.01713        28      1024    0.8927    0.8555    0.8942     0.397   0.06153   0.01543         0
   111/199     3.26G    0.0152   0.00238         0   0.01758        27      1024    0.8764    0.8542    0.8836    0.3902   0.06162   0.01579         0
   112/199     3.26G   0.01506  0.002257         0   0.01732        32      1024    0.8832     0.853     0.888    0.4032   0.06147   0.01602         0
   113/199     3.26G   0.01522  0.002297         0   0.01751        19      1024    0.8902    0.8528    0.8931    0.3934   0.06145   0.01607         0
   114/199     3.26G   0.01335   0.00223         0   0.01558        15      1024    0.8881    0.8492    0.8891    0.3967   0.06133   0.01571         0
   115/199     3.26G   0.01437  0.002244         0   0.01662        23      1024    0.8947     0.853    0.8901    0.3974   0.06139   0.01546         0
   116/199     3.26G   0.01474  0.002263         0     0.017        19      1024     0.885    0.8619    0.8984    0.4013   0.06135    0.0157         0
   117/199     3.26G    0.0141  0.002221         0   0.01632        24      1024    0.8951    0.8438    0.8871    0.3914   0.06148   0.01585         0
   118/199     3.26G    0.0148  0.002268         0   0.01707        27      1024    0.8716    0.8695    0.8868    0.3881   0.06146   0.01544         0
   119/199     3.26G   0.01565  0.002292         0   0.01794        32      1024    0.8727    0.8783    0.8955    0.4029   0.06133   0.01573         0
   120/199     3.26G   0.01497  0.002177         0   0.01715        34      1024     0.879    0.8655    0.8934    0.3956   0.06144   0.01614         0
   121/199     3.26G   0.01475  0.002255         0     0.017        46      1024    0.8845    0.8669    0.8964    0.4025    0.0613   0.01557         0
   122/199     3.26G   0.01465  0.002258         0   0.01691        12      1024    0.8895     0.877    0.9058    0.4015   0.06134   0.01595         0
   123/199     3.26G   0.01621  0.002256         0   0.01847        23      1024    0.8971    0.8631    0.8981    0.4018   0.06119   0.01563         0
   124/199     3.26G     0.014  0.002333         0   0.01633        17      1024    0.8713    0.8593    0.8931    0.4002   0.06137   0.01594         0
   125/199     3.26G   0.01477  0.002185         0   0.01696        28      1024    0.8785     0.853     0.882    0.3976   0.06145   0.01567         0
   126/199     3.26G   0.01558  0.002216         0    0.0178        26      1024    0.8866    0.8619    0.8985    0.4035   0.06141   0.01564         0
   127/199     3.26G   0.01428  0.002151         0   0.01643        30      1024    0.9066     0.849    0.8962    0.4022    0.0614   0.01568         0
   128/199     3.26G   0.01467  0.002218         0   0.01689        22      1024    0.8876    0.8631    0.8932    0.3977   0.06144   0.01584         0
   129/199     3.26G   0.01665  0.002306         0   0.01895        35      1024    0.9027    0.8365    0.8926    0.3971   0.06133   0.01592         0
   130/199     3.26G   0.01414  0.002358         0    0.0165        40      1024    0.9002    0.8466    0.8904    0.3952   0.06135   0.01592         0
   131/199     3.26G   0.01415  0.002375         0   0.01652        19      1024    0.8904    0.8466    0.8935    0.3971   0.06143   0.01565         0
   132/199     3.26G   0.01509  0.002362         0   0.01745        40      1024    0.8806    0.8517    0.8938    0.3985   0.06138   0.01562         0
   133/199     3.26G   0.01514  0.002298         0   0.01743        31      1024    0.9043     0.853    0.9003    0.3974   0.06134   0.01596         0
   134/199     3.26G   0.01453  0.002258         0   0.01679        36      1024     0.869    0.8669    0.8915    0.3989   0.06134   0.01599         0
   135/199     3.26G   0.01491  0.002282         0   0.01719        35      1024    0.8751     0.853    0.8918    0.4082   0.06135    0.0159         0
   136/199     3.26G   0.01549  0.002328         0   0.01781        32      1024    0.9063    0.8365    0.8881    0.4001   0.06138   0.01553         0
   137/199     3.26G   0.01389  0.002283         0   0.01617        17      1024    0.9014    0.8466    0.8901    0.4057   0.06128    0.0156         0
   138/199     3.26G   0.01397  0.002185         0   0.01616        15      1024    0.8963    0.8479    0.8958    0.4048   0.06131   0.01567         0
   139/199     3.26G    0.0141  0.002274         0   0.01637        30      1024    0.9075     0.846    0.8977    0.3988   0.06128   0.01583         0
   140/199     3.26G   0.01425  0.002278         0   0.01652        27      1024     0.895    0.8538    0.8958    0.4059   0.06127   0.01574         0
   141/199     3.26G   0.01556  0.002186         0   0.01775        23      1024    0.8885     0.872    0.9021    0.3918   0.06145   0.01556         0
   142/199     3.26G   0.01463  0.002272         0    0.0169        20      1024    0.9021    0.8542    0.8969    0.4046   0.06129   0.01573         0
   143/199     3.26G   0.01385  0.002197         0   0.01605        27      1024    0.9118     0.839    0.8953    0.4014   0.06133   0.01559         0
   144/199     3.26G   0.01346   0.00222         0   0.01567        18      1024     0.868    0.8771     0.898    0.3997   0.06128   0.01595         0
   145/199     3.26G   0.01344  0.002226         0   0.01567        23      1024    0.9021    0.8641    0.9016    0.4053   0.06123   0.01554         0
   146/199     3.26G    0.0148  0.002185         0   0.01699        28      1024    0.8975    0.8542    0.9005    0.4024    0.0612   0.01581         0
   147/199     3.26G   0.01483    0.0022         0   0.01703        39      1024    0.9012    0.8669    0.9025    0.3972   0.06133    0.0159         0
   148/199     3.26G     0.015  0.002312         0   0.01732        33      1024    0.9011    0.8682    0.9063    0.4031   0.06126   0.01595         0
   149/199     3.26G   0.01353  0.002328         0   0.01586        30      1024    0.8897    0.8606    0.8949    0.4043   0.06123   0.01567         0
   150/199     3.26G     0.014   0.00226         0   0.01626        25      1024    0.8999    0.8657    0.9035    0.4056   0.06123   0.01572         0
   151/199     3.26G   0.01436  0.002245         0   0.01661        13      1024    0.9269     0.853    0.9083    0.4062   0.06113   0.01548         0
   152/199     3.26G   0.01388  0.002137         0   0.01602        24      1024    0.9041    0.8403     0.895    0.3972   0.06131   0.01576         0
   153/199     3.26G   0.01415  0.002239         0   0.01639        24      1024    0.8971     0.853    0.8939    0.4026    0.0612   0.01588         0
   154/199     3.26G    0.0139  0.002217         0   0.01612        13      1024    0.9014     0.858    0.9009    0.4055    0.0612    0.0154         0
   155/199     3.26G    0.0137  0.002112         0   0.01581        21      1024    0.8903    0.8541    0.8977     0.405   0.06126   0.01589         0
   156/199     3.26G   0.01362  0.002141         0   0.01576        14      1024    0.8824    0.8657    0.8914    0.3993   0.06131   0.01597         0
   157/199     3.26G   0.01389  0.002229         0   0.01612        13      1024    0.9019    0.8618    0.9013     0.406   0.06124   0.01566         0
   158/199     3.26G   0.01547  0.002084         0   0.01755        26      1024    0.8912    0.8568    0.8938     0.403   0.06121   0.01598         0
   159/199     3.26G   0.01406   0.00216         0   0.01622        43      1024    0.8743    0.8821    0.9034    0.4036   0.06117    0.0156         0
   160/199     3.26G   0.01304  0.002269         0   0.01531        24      1024    0.8941    0.8669     0.906    0.3991   0.06128   0.01569         0
   161/199     3.26G   0.01311  0.002185         0   0.01529        16      1024    0.8845    0.8745    0.9006    0.3942   0.06133   0.01605         0
   162/199     3.26G   0.01372  0.002213         0   0.01594        15      1024    0.8988    0.8796    0.9047    0.4005   0.06114   0.01568         0
   163/199     3.26G   0.01434  0.002192         0   0.01653        22      1024    0.8794    0.8872    0.9003    0.4006   0.06119   0.01555         0
   164/199     3.26G   0.01362  0.002218         0   0.01584        35      1024    0.8966     0.868    0.9001    0.3971   0.06129    0.0159         0
   165/199     3.26G   0.01353  0.002204         0   0.01573        21      1024    0.9057    0.8641    0.9029    0.4087   0.06123   0.01571         0
   166/199     3.26G   0.01416  0.002335         0   0.01649        34      1024    0.8979    0.8707    0.8999    0.4041   0.06123   0.01546         0
   167/199     3.26G   0.01495  0.002278         0   0.01723        28      1024    0.8989    0.8796    0.9077     0.408   0.06123   0.01574         0
   168/199     3.26G   0.01454   0.00225         0   0.01679        26      1024     0.887    0.8758    0.9023    0.4099    0.0612   0.01586         0
   169/199     3.26G   0.01392  0.002228         0   0.01615        20      1024    0.9005     0.872    0.9038    0.4048   0.06125   0.01569         0
   170/199     3.26G   0.01517   0.00224         0   0.01741        24      1024    0.8991    0.8619    0.8973    0.4037   0.06119   0.01595         0
   171/199     3.26G   0.01424  0.002253         0   0.01649        19      1024    0.9092    0.8631    0.9034    0.4132   0.06112   0.01597         0
   172/199     3.26G   0.01489  0.002229         0   0.01712        20      1024    0.9081    0.8771    0.9099    0.4112    0.0611    0.0156         0
   173/199     3.26G   0.01278  0.002182         0   0.01496        11      1024    0.9008    0.8744    0.9071    0.4055   0.06121   0.01579         0
   174/199     3.26G   0.01384  0.002238         0   0.01608        24      1024    0.9139    0.8504    0.9023      0.41   0.06117   0.01586         0
   175/199     3.26G     0.014  0.002179         0   0.01618        30      1024    0.9035    0.8682    0.9018    0.4084   0.06118   0.01563         0
   176/199     3.26G    0.0133  0.002168         0   0.01547        17      1024    0.8882    0.8756    0.9018    0.4109   0.06114   0.01595         0
   177/199     3.26G   0.01476  0.002258         0   0.01702        27      1024    0.8925    0.8631     0.893    0.4084   0.06116   0.01584         0
   178/199     3.26G   0.01523  0.002229         0   0.01746        15      1024    0.9051    0.8579    0.9003     0.408   0.06113   0.01564         0
   179/199     3.26G   0.01399  0.002219         0   0.01621        19      1024    0.9077    0.8619    0.9024    0.4125   0.06112   0.01574         0
   180/199     3.26G   0.01488  0.002267         0   0.01715        27      1024    0.9033    0.8657    0.9082    0.4125   0.06108   0.01584         0
   181/199     3.26G   0.01395  0.002253         0    0.0162        17      1024    0.9135     0.858    0.9063    0.4034   0.06121   0.01604         0
   182/199     3.26G   0.01394  0.002215         0   0.01616        36      1024     0.903    0.8517     0.894    0.4131   0.06113   0.01566         0
   183/199     3.26G    0.0141  0.002272         0   0.01637        29      1024    0.9038    0.8593     0.904    0.4087   0.06116   0.01573         0
   184/199     3.26G   0.01357  0.002167         0   0.01573        33      1024    0.8985    0.8529    0.8912    0.4028   0.06122    0.0158         0
   185/199     3.26G   0.01284   0.00213         0   0.01497        24      1024    0.9062    0.8453    0.8939    0.4041   0.06118   0.01581         0
   186/199     3.26G   0.01382  0.002124         0   0.01594        21      1024    0.8851     0.872    0.8948     0.403    0.0612   0.01606         0
   187/199     3.26G   0.01358  0.002268         0   0.01585        26      1024    0.9048    0.8682    0.9029    0.4044   0.06117   0.01583         0
   188/199     3.26G   0.01392  0.002204         0   0.01613        38      1024    0.9009    0.8657    0.9053    0.4069   0.06114   0.01581         0
   189/199     3.26G   0.01251  0.002135         0   0.01464        21      1024    0.9005    0.8718    0.9049    0.4061   0.06111   0.01588         0
   190/199     3.26G   0.01356  0.002131         0    0.0157        26      1024    0.8974    0.8758    0.9057     0.401    0.0612   0.01596         0
   191/199     3.26G   0.01476  0.002154         0   0.01691        34      1024    0.8935    0.8612    0.9054    0.4049   0.06114     0.016         0
   192/199     3.26G   0.01484  0.002219         0   0.01706        18      1024    0.9045    0.8644    0.9049    0.4035   0.06117   0.01601         0
   193/199     3.26G   0.01441  0.002211         0   0.01663        16      1024    0.8915    0.8657    0.9032    0.4067    0.0612   0.01622         0
   194/199     3.26G   0.01418  0.002146         0   0.01633        27      1024    0.8863    0.8695    0.9055    0.4051   0.06123   0.01607         0
   195/199     3.26G   0.01437   0.00223         0    0.0166        34      1024    0.9021    0.8641    0.9022    0.4083   0.06113   0.01594         0
   196/199     3.26G   0.01449  0.002189         0   0.01668        16      1024    0.8897    0.8707    0.9024    0.4078   0.06117   0.01604         0
   197/199     3.26G   0.01431  0.002264         0   0.01658        19      1024    0.8864    0.8707    0.9004    0.4029   0.06111   0.01587         0
   198/199     3.26G   0.01369  0.002239         0   0.01593        30      1024    0.8877    0.8716    0.8991    0.4051   0.06112   0.01596         0
   199/199     3.26G   0.01246  0.002268         0   0.01473        26      1024    0.8927    0.8707    0.9041    0.4063   0.06103   0.01592         0
