     0/149    0.908G    0.0776    0.0114         0     0.089        20      1024 0.0001195  0.007605 2.517e-06 4.756e-07   0.09939   0.01621         0
     1/149      3.5G   0.04997  0.002718         0   0.05268        42      1024  0.004919   0.07098 0.0007514 0.0001418   0.09514   0.02818         0
     2/149     3.51G   0.02886  0.003182         0   0.03205        16      1024   0.07976    0.1255   0.02409  0.005027   0.08997    0.0317         0
     3/149     3.51G   0.02528  0.003543         0   0.02883        17      1024   0.05872    0.2573   0.03311  0.007202   0.08769   0.03618         0
     4/149     3.52G   0.02292  0.003918         0   0.02683         9      1024   0.02438    0.2408   0.01372   0.00263   0.08853    0.0343         0
     5/149     3.52G   0.02242  0.003814         0   0.02623        20      1024    0.3858    0.2548    0.2053   0.05185   0.08317   0.03469         0
     6/149     3.53G   0.01998   0.00362         0   0.02361        26      1024    0.6235    0.4931    0.4883    0.1362   0.08077   0.03013         0
     7/149     3.54G   0.01963  0.003311         0   0.02294        28      1024    0.5674    0.4905    0.4228    0.1066   0.08093   0.02745         0
     8/149     3.54G   0.01952  0.003271         0   0.02279        16      1024    0.6167    0.5424    0.5002    0.1247   0.07961   0.02708         0
     9/149     3.54G   0.01836  0.003102         0   0.02146        18      1024    0.6449    0.6629    0.6212    0.1893   0.07907    0.0265         0
    10/149     3.54G   0.01922  0.003343         0   0.02256        22      1024    0.4964    0.4423    0.3469   0.07907   0.08033   0.02903         0
    11/149     3.54G   0.01867  0.003295         0   0.02196        27      1024     0.669    0.5944    0.5874    0.1734   0.07898   0.02572         0
    12/149     3.54G   0.01918  0.003213         0    0.0224        30      1024    0.6884    0.6033    0.6246    0.2078   0.07641   0.02569         0
    13/149     3.54G   0.01682  0.003148         0   0.01997        34      1024    0.6899    0.6033    0.6221    0.1941   0.07407   0.02521         0
    14/149     3.54G   0.01692    0.0033         0   0.02022        29      1024    0.6723    0.6261    0.6143    0.1815   0.07668   0.02395         0
    15/149     3.54G   0.01701  0.003156         0   0.02017        45      1024    0.7501    0.6312     0.668    0.2212   0.07323   0.02693         0
    16/149     3.54G   0.01744   0.00315         0   0.02059        28      1024    0.7852    0.6764    0.7341    0.2629   0.07585   0.02302         0
    17/149     3.54G   0.01682  0.002926         0   0.01975        34      1024    0.7266    0.6603    0.6807     0.229   0.07485   0.02343         0
    18/149     3.54G   0.01617  0.003045         0   0.01922        43      1024    0.7719    0.6413     0.707     0.249   0.07525   0.02308         0
    19/149     3.54G    0.0169  0.002919         0   0.01982        26      1024    0.7732    0.7034    0.7438    0.2739   0.07603   0.02388         0
    20/149     3.54G   0.01701   0.00297         0   0.01998        16      1024    0.7868    0.6768    0.7455    0.2737   0.07627   0.02419         0
    21/149     3.54G   0.01657  0.002984         0   0.01955        21      1024    0.7124    0.6958    0.7328    0.2812    0.0744   0.02262         0
    22/149     3.54G   0.01638  0.002879         0   0.01926        21      1024    0.7849    0.6844    0.7528     0.285    0.0754    0.0237         0
    23/149     3.54G   0.01616   0.00294         0    0.0191        31      1024    0.6942    0.6588    0.6878    0.2274   0.07517   0.02464         0
    24/149     3.54G   0.01584  0.002906         0   0.01874        10      1024    0.7001    0.6907    0.7172    0.2564   0.07283   0.02467         0
    25/149     3.54G   0.01641  0.002879         0   0.01929        28      1024    0.7815    0.7085     0.769    0.2671   0.07253   0.02326         0
    26/149     3.54G   0.01702  0.002865         0   0.01989        17      1024    0.7485    0.6426    0.6766    0.2129   0.07272   0.02365         0
    27/149     3.54G   0.01711  0.002871         0   0.01998        14      1024    0.8181    0.6806    0.7616    0.2802    0.0744   0.02305         0
    28/149     3.55G   0.01727  0.002843         0   0.02011        28      1024    0.7741    0.7782    0.7975    0.2994   0.07482   0.02098         0
    29/149     3.57G   0.01683  0.002835         0   0.01967        26      1024    0.7841    0.7123    0.7628    0.2643     0.074   0.02093         0
    30/149     3.57G   0.01666  0.002788         0   0.01945        32      1024    0.8136     0.725    0.7843    0.3035   0.07413    0.0215         0
    31/149     3.57G    0.0162   0.00284         0   0.01904        30      1024    0.7844    0.7376      0.78    0.2814   0.07419   0.02215         0
    32/149     3.57G   0.01672  0.002806         0   0.01953        28      1024    0.8039    0.7148    0.7835    0.2831   0.07439   0.02216         0
    33/149     3.57G   0.01606  0.002837         0    0.0189        16      1024    0.7337    0.6739    0.7107    0.2424    0.0753   0.02337         0
    34/149     3.57G   0.01548  0.002807         0   0.01829        24      1024    0.8221    0.7212    0.7822    0.2858   0.07434   0.02236         0
    35/149     3.57G   0.01648  0.002835         0   0.01931        16      1024    0.7128    0.7016    0.7402    0.2762   0.07477   0.02265         0
    36/149     3.57G   0.01592  0.002828         0   0.01875        33      1024    0.8285    0.7591    0.8138    0.3254   0.07466   0.02043         0
    37/149     3.57G   0.01629  0.002743         0   0.01903        22      1024    0.8026    0.6806    0.7556     0.271   0.07484    0.0225         0
    38/149     3.57G   0.01609  0.002841         0   0.01893        19      1024    0.8343    0.7009    0.7918    0.3057   0.07412   0.02094         0
    39/149     3.57G   0.01537  0.002807         0   0.01817        35      1024    0.7788    0.6895    0.7461    0.2615   0.07329   0.02393         0
    40/149     3.57G   0.01572  0.002841         0   0.01856        27      1024    0.8262     0.735    0.7912    0.3201   0.07351   0.02134         0
    41/149     3.57G    0.0162   0.00281         0   0.01901        37      1024     0.798    0.6781    0.7466    0.2767   0.06643   0.02309         0
    42/149     3.57G   0.01577  0.002736         0   0.01851        18      1024    0.7788    0.7364    0.7798    0.2894   0.06626    0.0227         0
    43/149     3.57G   0.01631  0.002822         0   0.01914        24      1024    0.7452    0.6857    0.7349    0.2628   0.06644   0.02477         0
    44/149     3.57G    0.0153  0.002694         0     0.018        23      1024    0.7783    0.7563    0.7873    0.3092   0.06592   0.02195         0
    45/149     3.57G   0.01576  0.002662         0   0.01843        28      1024    0.7347    0.6878     0.717    0.2661   0.06649   0.02482         0
    46/149     3.57G   0.01587  0.002692         0   0.01857        16      1024    0.7866    0.6705    0.7355    0.2689   0.06668    0.0232         0
    47/149     3.57G   0.01614  0.002799         0   0.01894        29      1024    0.8175    0.7389    0.7923    0.3007   0.06615   0.02193         0
    48/149     3.57G   0.01514  0.002697         0   0.01784        25      1024    0.8237    0.6996    0.7719     0.298   0.06616   0.02193         0
    49/149     3.57G   0.01536  0.002642         0     0.018        27      1024    0.7819    0.7135    0.7691    0.3018   0.06607   0.02248         0
    50/149     3.57G   0.01477  0.002599         0   0.01737        32      1024     0.803    0.7288    0.7765    0.2862   0.06631   0.02169         0
    51/149     3.57G   0.01561  0.002646         0   0.01826        26      1024    0.8185    0.6916    0.7529    0.2751   0.06652   0.02275         0
    52/149     3.57G   0.01498  0.002668         0   0.01764        22      1024    0.8072    0.7109    0.7711    0.2894   0.06624   0.02202         0
    53/149     3.57G   0.01504  0.002618         0   0.01765        24      1024    0.7369    0.7465    0.7521    0.2767   0.06653   0.02286         0
    54/149     3.57G   0.01522  0.002711         0   0.01793        31      1024    0.8169    0.7183    0.7825    0.2974   0.06615   0.02089         0
    55/149     3.57G     0.015  0.002693         0    0.0177        13      1024    0.7981    0.7817    0.8067    0.3147   0.06576   0.02132         0
    56/149     3.57G   0.01512  0.002711         0   0.01783        28      1024    0.8154    0.7332    0.7922    0.3078   0.06597    0.0211         0
    57/149     3.57G   0.01553  0.002722         0   0.01826        35      1024    0.8033     0.735    0.7877    0.2977   0.06575   0.02185         0
    58/149     3.57G   0.01486   0.00264         0    0.0175        22      1024    0.8384    0.7827    0.8282    0.3279   0.06549   0.02068         0
    59/149     3.57G   0.01493  0.002656         0   0.01759        30      1024    0.8582    0.7516    0.8269    0.3334   0.06541   0.02022         0
    60/149     3.57G   0.01483  0.002693         0   0.01753        10      1024    0.8271    0.7465     0.802     0.321   0.06571   0.02085         0
    61/149     3.57G   0.01601  0.002676         0   0.01869        32      1024    0.8314    0.7769    0.8292    0.3318   0.06554   0.02068         0
    62/149     3.57G   0.01486  0.002592         0   0.01745        26      1024    0.8094    0.7856    0.8194    0.3303   0.06563   0.02037         0
    63/149     3.57G   0.01489  0.002818         0   0.01771        23      1024    0.8383    0.7488    0.8122    0.3102   0.06588   0.02107         0
    64/149     3.57G   0.01689  0.002814         0    0.0197        18      1024    0.8449     0.782     0.831    0.3266   0.06546   0.02033         0
    65/149     3.57G   0.01556  0.002624         0   0.01818        37      1024     0.849    0.7552    0.8216    0.3296   0.06552   0.02075         0
    66/149     3.57G   0.01523  0.002621         0   0.01786        23      1024     0.827    0.7754    0.8234    0.3315   0.06546   0.01971         0
    67/149     3.57G   0.01528   0.00272         0     0.018        25      1024    0.8429    0.7751    0.8259    0.3329   0.06543   0.02049         0
    68/149     3.57G   0.01573  0.002704         0   0.01844        20      1024    0.8112    0.7623    0.8166    0.3393   0.06537   0.02096         0
    69/149     3.57G   0.01531  0.002626         0   0.01794        28      1024     0.867    0.7768    0.8394    0.3432    0.0652   0.01977         0
    70/149     3.57G    0.0149  0.002686         0   0.01758        23      1024    0.8156    0.7744    0.8209    0.3232   0.06558   0.02023         0
    71/149     3.57G   0.01519  0.002568         0   0.01775        22      1024     0.866    0.7554    0.8272    0.3129   0.06561   0.02079         0
    72/149     3.57G   0.01568   0.00256         0   0.01824        26      1024    0.8199    0.7161    0.7712     0.292   0.06603   0.02123         0
    73/149     3.57G   0.01453  0.002686         0   0.01721        10      1024    0.8288    0.7782    0.8266    0.3352   0.06545      0.02         0
    74/149     3.57G   0.01457  0.002626         0    0.0172        24      1024    0.8165     0.763    0.8173    0.3265   0.06565   0.02047         0
    75/149     3.57G   0.01526  0.002635         0    0.0179        32      1024    0.8173    0.7371    0.7984     0.312    0.0659   0.02116         0
    76/149     3.57G   0.01546  0.002547         0   0.01801        11      1024    0.8803    0.7478    0.8354    0.3447   0.06527   0.02022         0
    77/149     3.57G   0.01548  0.002635         0   0.01812        19      1024    0.8411    0.7858     0.835    0.3402   0.06532   0.02017         0
    78/149     3.57G   0.01609  0.002685         0   0.01878        22      1024    0.8619    0.7605    0.8305    0.3181   0.06571   0.02066         0
    79/149     3.57G   0.01511  0.002512         0   0.01763        41      1024    0.8533    0.7742    0.8405    0.3395   0.06551   0.02031         0
    80/149     3.57G   0.01532  0.002628         0   0.01795        26      1024     0.831    0.7693    0.8262    0.3204   0.06578   0.02059         0
    81/149     3.57G   0.01512  0.002684         0    0.0178        24      1024    0.8431    0.7921    0.8372    0.3376   0.06545   0.02033         0
    82/149     3.57G    0.0145  0.002657         0   0.01716        29      1024    0.8466    0.7693    0.8233    0.3137   0.06576   0.02047         0
    83/149     3.57G   0.01479  0.002513         0    0.0173        12      1024    0.7979    0.7478    0.7931    0.2984   0.06604   0.02158         0
    84/149     3.57G   0.01492  0.002646         0   0.01757        22      1024    0.8487    0.7896    0.8414    0.3446   0.06534   0.02071         0
    85/149     3.57G   0.01465  0.002623         0   0.01727        20      1024    0.8293    0.7643    0.8278    0.3318   0.06564   0.02109         0
    86/149     3.57G    0.0158  0.002554         0   0.01835        21      1024    0.8139    0.7693    0.8126    0.3285   0.06562   0.02077         0
    87/149     3.57G   0.01561  0.002733         0   0.01834        24      1024    0.8525    0.7841    0.8338     0.352    0.0652   0.01987         0
    88/149     3.57G   0.01511  0.002533         0   0.01764        33      1024    0.8448     0.725    0.7937    0.2957   0.06614   0.02155         0
    89/149     3.57G   0.01523  0.002649         0   0.01788        16      1024    0.8439    0.7536    0.8132     0.316   0.06579   0.02111         0
    90/149     3.57G    0.0144  0.002598         0   0.01699        17      1024    0.8312    0.7679    0.8207    0.3147   0.06573   0.02099         0
    91/149     3.57G   0.01531  0.002539         0   0.01785        15      1024    0.8035    0.7744    0.8152    0.3166   0.06573   0.02097         0
    92/149     3.57G    0.0146  0.002566         0   0.01716        27      1024    0.8586    0.7744    0.8381    0.3363   0.06544   0.01994         0
    93/149     3.57G   0.01497   0.00256         0   0.01753        15      1024    0.8347    0.7414    0.8025    0.2998   0.06608   0.02099         0
    94/149     3.57G    0.0147   0.00265         0   0.01735        33      1024    0.8377    0.7731    0.8222    0.3231   0.06549   0.02029         0
    95/149     3.57G   0.01513   0.00258         0   0.01771        23      1024    0.8539    0.7703    0.8325    0.3433   0.06534   0.02048         0
    96/149     3.57G   0.01495  0.002652         0    0.0176        42      1024    0.8325    0.7947    0.8372     0.336   0.06546    0.0207         0
    97/149     3.57G   0.01553  0.002555         0   0.01809        28      1024    0.8321     0.763    0.8143    0.3135   0.06574   0.02103         0
    98/149     3.57G   0.01424  0.002531         0   0.01677        35      1024     0.842    0.7768    0.8304    0.3314   0.06545   0.02029         0
    99/149     3.57G   0.01478  0.002628         0   0.01741        30      1024    0.8858    0.7693    0.8476    0.3377   0.06542   0.01995         0
   100/149     3.57G   0.01483  0.002589         0   0.01742        19      1024    0.8303    0.8187    0.8569    0.3524   0.06503   0.01994         0
   101/149     3.57G   0.01477  0.002612         0   0.01739        11      1024    0.8585    0.7858    0.8446    0.3395   0.06525   0.01968         0
   102/149     3.57G   0.01433  0.002593         0   0.01692        39      1024    0.8626    0.7719    0.8386    0.3308   0.06548    0.0204         0
   103/149     3.57G   0.01485  0.002554         0   0.01741        22      1024    0.8565    0.7896    0.8397    0.3392   0.06538   0.02006         0
   104/149     3.57G   0.01477  0.002627         0    0.0174        26      1024    0.8566    0.7744    0.8377    0.3363   0.06541   0.02088         0
   105/149     3.57G    0.0146  0.002605         0   0.01721        32      1024    0.8594    0.7769    0.8391    0.3406   0.06541   0.02045         0
   106/149     3.57G   0.01539  0.002562         0   0.01795        14      1024     0.834    0.7768     0.827    0.3238   0.06569   0.02084         0
   107/149     3.57G   0.01424  0.002604         0   0.01684        30      1024    0.8139     0.782    0.8261    0.3303   0.06545   0.02086         0
   108/149     3.57G   0.01433  0.002684         0   0.01701        32      1024    0.8336    0.7782    0.8313    0.3317    0.0655   0.02063         0
   109/149     3.57G   0.01442  0.002575         0   0.01699        44      1024    0.8349    0.7754    0.8303    0.3362   0.06535   0.02041         0
   110/149     3.57G   0.01491  0.002546         0   0.01746        23      1024    0.8607    0.7795     0.846    0.3354   0.06541   0.01981         0
   111/149     3.57G   0.01497  0.002534         0    0.0175        29      1024    0.8478    0.7766    0.8363    0.3423   0.06526   0.02035         0
   112/149     3.57G   0.01473  0.002591         0   0.01732        19      1024    0.8403    0.7939    0.8377    0.3425   0.06533   0.02022         0
   113/149     3.57G   0.01422  0.002588         0   0.01681        17      1024    0.8839     0.782    0.8465    0.3424   0.06523   0.02011         0
   114/149     3.57G   0.01481  0.002588         0    0.0174        40      1024     0.837     0.801    0.8424    0.3515   0.06517   0.02028         0
   115/149     3.57G    0.0138  0.002605         0   0.01641        34      1024    0.8778    0.7833    0.8549     0.355   0.06513   0.02002         0
   116/149     3.57G   0.01499  0.002619         0   0.01761        17      1024    0.8555    0.7896    0.8484    0.3543   0.06513    0.0198         0
   117/149     3.57G   0.01427   0.00267         0   0.01694        37      1024    0.8573     0.792    0.8428    0.3406   0.06524   0.02026         0
   118/149     3.57G   0.01492  0.002563         0   0.01748        27      1024    0.8767    0.7934    0.8482    0.3499   0.06525   0.02002         0
   119/149     3.57G   0.01476  0.002494         0   0.01726        21      1024    0.8746     0.769    0.8395    0.3365   0.06546   0.02039         0
   120/149     3.57G    0.0139  0.002602         0    0.0165        10      1024    0.8967    0.7731    0.8538    0.3477   0.06518   0.02034         0
   121/149     3.57G   0.01494  0.002638         0   0.01757        20      1024    0.8712     0.782    0.8463    0.3481   0.06504   0.02021         0
   122/149     3.57G   0.01443  0.002553         0   0.01699        10      1024     0.875    0.7807    0.8516    0.3436   0.06509    0.0202         0
   123/149     3.57G   0.01494   0.00258         0   0.01752        33      1024    0.8569    0.7895    0.8446     0.345   0.06515   0.02039         0
   124/149     3.57G   0.01387  0.002595         0   0.01646        25      1024    0.8753    0.7832    0.8459    0.3461   0.06509   0.02054         0
   125/149     3.57G   0.01434  0.002625         0   0.01696        23      1024     0.886    0.7693    0.8501     0.346   0.06511   0.02026         0
   126/149     3.57G   0.01444  0.002502         0   0.01695        17      1024    0.8583    0.7909    0.8453    0.3401   0.06527   0.02042         0
   127/149     3.57G   0.01422  0.002497         0   0.01672        22      1024    0.8561    0.7842    0.8426    0.3394   0.06518   0.02067         0
   128/149     3.57G   0.01433   0.00262         0   0.01695        20      1024     0.854    0.7934    0.8573    0.3429   0.06516   0.02029         0
   129/149     3.57G   0.01399  0.002614         0    0.0166        16      1024    0.8227    0.8124    0.8437    0.3379   0.06535   0.02054         0
   130/149     3.57G    0.0149  0.002503         0    0.0174        23      1024    0.8698    0.7719    0.8426     0.342   0.06521   0.02056         0
   131/149     3.57G   0.01498  0.002618         0   0.01759        31      1024    0.8607    0.7934    0.8494     0.347   0.06517   0.02014         0
   132/149     3.57G   0.01469  0.002588         0   0.01727        20      1024    0.8521    0.7958    0.8499    0.3458   0.06516   0.02014         0
   133/149     3.57G   0.01505  0.002542         0   0.01759        23      1024    0.8569    0.7972    0.8483    0.3505   0.06509   0.02005         0
   134/149     3.57G   0.01487  0.002562         0   0.01743        26      1024     0.859    0.7731    0.8432    0.3457   0.06508   0.02022         0
   135/149     3.57G   0.01475   0.00261         0   0.01736        27      1024    0.8627    0.7881    0.8482    0.3476   0.06506    0.0201         0
   136/149     3.57G   0.01375  0.002668         0   0.01642        34      1024    0.8541    0.7731    0.8371    0.3352    0.0653   0.02031         0
   137/149     3.57G   0.01436  0.002625         0   0.01699        32      1024    0.8555     0.801    0.8543    0.3477   0.06511   0.02026         0
   138/149     3.57G   0.01467  0.002642         0   0.01732        34      1024     0.856    0.7896    0.8461    0.3428   0.06521   0.02032         0
   139/149     3.57G   0.01474  0.002639         0   0.01737        15      1024    0.8569    0.7894    0.8447    0.3465   0.06516   0.02017         0
   140/149     3.57G   0.01496  0.002537         0   0.01749        37      1024    0.8751    0.7921    0.8539    0.3513   0.06508   0.02019         0
   141/149     3.57G   0.01493   0.00257         0    0.0175        27      1024    0.8858    0.7782    0.8469    0.3433   0.06527   0.02003         0
   142/149     3.57G    0.0152  0.002533         0   0.01773        26      1024    0.8356    0.7947    0.8394    0.3391   0.06532   0.02027         0
   143/149     3.57G   0.01524  0.002639         0   0.01788        32      1024    0.8388    0.8188    0.8545    0.3492    0.0651   0.01998         0
   144/149     3.57G   0.01446    0.0026         0   0.01706        21      1024    0.8576    0.8035     0.853    0.3509   0.06512   0.02024         0
   145/149     3.57G   0.01415  0.002522         0   0.01667        36      1024    0.8383     0.815    0.8512    0.3511   0.06512   0.02012         0
   146/149     3.57G   0.01479  0.002653         0   0.01744        25      1024    0.8509    0.7957    0.8524    0.3495   0.06513   0.02012         0
   147/149     3.57G   0.01449  0.002621         0   0.01711        26      1024    0.8342    0.8161    0.8505    0.3529   0.06506   0.01994         0
   148/149     3.57G   0.01403   0.00262         0   0.01665        27      1024    0.8523    0.7985    0.8522    0.3476   0.06517   0.01986         0
   149/149     3.57G   0.01443  0.002561         0   0.01699        23      1024    0.8503    0.8061    0.8513    0.3466   0.06515   0.01996         0
