     0/149    0.621G    0.0794   0.01314         0   0.09254        18      1024 4.588e-05  0.002535 4.844e-07 9.479e-08   0.09986   0.01686         0
     1/149     3.31G   0.05444  0.002863         0   0.05731        19      1024  0.005771   0.00507 0.0001581 2.456e-05   0.08948   0.02598         0
     2/149     3.32G   0.03567  0.002853         0   0.03853        15      1024   0.03633   0.06971  0.008394   0.00159   0.08498   0.02959         0
     3/149     3.32G   0.02753  0.003194         0   0.03072        24      1024    0.1192    0.1825   0.05658  0.009101   0.07954   0.03368         0
     4/149     3.34G   0.02651  0.003413         0   0.02992        15      1024    0.2676    0.2167    0.1427   0.03635   0.08199    0.0282         0
     5/149     3.34G   0.02498  0.003274         0   0.02826         9      1024    0.2066    0.2256    0.1127   0.02857   0.07847   0.03262         0
     6/149     3.34G   0.02238  0.003995         0   0.02637        13      1024    0.3446    0.3536    0.2428   0.05465   0.07164   0.03819         0
     7/149     3.34G   0.02309   0.00421         0    0.0273         9      1024     0.538    0.3739    0.3554   0.09084   0.07097   0.03485         0
     8/149     3.35G    0.0213  0.003623         0   0.02492         9      1024    0.5109    0.4689    0.4316    0.1192    0.0694   0.03187         0
     9/149     3.36G    0.0207  0.003508         0   0.02421        11      1024     0.606    0.4816    0.4952    0.1493   0.06857     0.029         0
    10/149     3.37G   0.02061  0.003587         0    0.0242        13      1024    0.6867    0.5475     0.594    0.2031   0.06807   0.02643         0
    11/149     3.37G   0.01952  0.003547         0   0.02307        13      1024    0.6304    0.5349    0.5381    0.1696   0.06881   0.02554         0
    12/149     3.37G   0.02052  0.003461         0   0.02398        13      1024    0.5751    0.4639    0.4283     0.109   0.06984   0.02663         0
    13/149     3.37G   0.01876  0.003289         0   0.02205        12      1024    0.6666     0.635    0.6391    0.2322   0.06722   0.02521         0
    14/149     3.37G   0.01852  0.003305         0   0.02182        12      1024    0.6367    0.5486    0.5476    0.1611    0.0689   0.02478         0
    15/149     3.37G   0.01825  0.003308         0   0.02156        13      1024    0.6522    0.5374    0.5526     0.167   0.06928   0.02458         0
    16/149     3.37G   0.01802  0.003357         0   0.02138        21      1024    0.8171     0.635    0.7167    0.2769   0.06692   0.02454         0
    17/149     3.37G   0.01916  0.003328         0   0.02249        16      1024    0.7454    0.6272    0.6619    0.2137   0.06754   0.02405         0
    18/149     3.37G   0.01966  0.003245         0    0.0229        16      1024     0.804    0.6629    0.7326    0.2637   0.06686   0.02292         0
    19/149     3.37G   0.01761  0.003117         0   0.02073         8      1024    0.7188    0.5992    0.6417    0.1994   0.06813   0.02423         0
    20/149     3.37G   0.01776  0.003051         0   0.02081        19      1024    0.8045    0.6869    0.7538    0.2791   0.06675   0.02298         0
    21/149     3.37G   0.01768  0.002988         0   0.02067         4      1024    0.8097     0.711    0.7635    0.2804   0.06662   0.02312         0
    22/149     3.37G    0.0173  0.002953         0   0.02025        11      1024    0.8122    0.6906    0.7617      0.29    0.0668    0.0242         0
    23/149     3.37G   0.02027  0.003129         0    0.0234        15      1024    0.8209    0.6743     0.743    0.2851   0.06663   0.02346         0
    24/149     3.37G   0.01819  0.003156         0   0.02135         0      1024    0.7868    0.6689    0.7155     0.259   0.06711   0.02364         0
    25/149     3.37G     0.019  0.002977         0   0.02198        16      1024    0.8004    0.6768    0.7312    0.2626   0.06681   0.02302         0
    26/149     3.37G    0.0174  0.003055         0   0.02046        20      1024    0.8168    0.7123    0.7648    0.3002    0.0662   0.02259         0
    27/149     3.37G   0.01789  0.003043         0   0.02093        13      1024    0.7613    0.6628    0.7118    0.2597   0.06702    0.0236         0
    28/149     3.37G   0.01843  0.003034         0   0.02146        13      1024    0.8275     0.673    0.7412    0.2834    0.0664   0.02371         0
    29/149     3.37G   0.01679  0.003084         0   0.01988        22      1024    0.8272    0.7157    0.7816    0.2911   0.06642   0.02342         0
    30/149     3.37G   0.01868  0.003138         0   0.02182        23      1024    0.7135    0.6059    0.6424    0.2209   0.07028   0.02512         0
    31/149     3.37G   0.01786  0.003263         0   0.02112        10      1024    0.7908    0.6804     0.733    0.2807   0.06619   0.02385         0
    32/149     3.37G   0.01666  0.003169         0   0.01983        12      1024    0.8099    0.6641    0.7267    0.2628   0.06645    0.0242         0
    33/149     3.37G   0.01887  0.003294         0   0.02217        33      1024     0.818    0.6779    0.7529    0.2887   0.06629   0.02327         0
    34/149     3.37G    0.0179    0.0031         0     0.021        12      1024    0.8002    0.7056    0.7738    0.2898   0.06621   0.02434         0
    35/149     3.37G   0.01761  0.003083         0   0.02069        24      1024    0.8247    0.6755    0.7608    0.3096   0.06582   0.02327         0
    36/149     3.37G   0.01729   0.00306         0   0.02035        11      1024    0.8303    0.7136    0.7933    0.3059   0.06587   0.02249         0
    37/149     3.37G     0.019  0.003445         0   0.02244        15      1024      0.71    0.5739    0.6239    0.2219   0.06847   0.02703         0
    38/149     3.37G   0.01748  0.003446         0   0.02092         3      1024    0.7013    0.6548     0.698    0.2551   0.06707   0.02553         0
    39/149     3.37G   0.01802  0.003436         0   0.02145        13      1024    0.7425    0.6515    0.7007    0.2669   0.06664   0.02529         0
    40/149     3.37G   0.01773  0.003443         0   0.02117        18      1024    0.8193    0.6616    0.7522    0.3048    0.0667   0.02356         0
    41/149     3.37G   0.01761  0.003216         0   0.02082         5      1024    0.8274    0.6362    0.7283    0.2666   0.06631    0.0239         0
    42/149     3.37G   0.01832  0.003382         0    0.0217        11      1024    0.8416    0.6616    0.7409    0.2858   0.06648   0.02339         0
    43/149     3.37G   0.01634  0.003203         0   0.01955        18      1024    0.8398    0.6819    0.7736    0.2988   0.06567   0.02275         0
    44/149     3.37G   0.01672   0.00326         0   0.01998        15      1024    0.7888     0.692    0.7542    0.2946   0.06577   0.02545         0
    45/149     3.37G   0.01719  0.003164         0   0.02035        18      1024    0.8112     0.621    0.7076    0.2547   0.06683   0.02354         0
    46/149     3.37G   0.01726  0.003065         0   0.02032        23      1024    0.8668    0.6869    0.7773    0.3062   0.06554    0.0228         0
    47/149     3.37G   0.01688  0.003107         0   0.01999        10      1024     0.877     0.692     0.785     0.319   0.06536   0.02236         0
    48/149     3.37G   0.01749   0.00309         0   0.02058        11      1024    0.8146     0.692    0.7498    0.2899     0.066   0.02277         0
    49/149     3.37G   0.01731  0.003066         0   0.02038        15      1024    0.8075    0.7338    0.7931    0.3042   0.06585   0.02248         0
    50/149     3.37G   0.01636  0.003066         0   0.01942         7      1024    0.8964    0.7136    0.8154    0.3292   0.06567   0.02168         0
    51/149     3.37G   0.01653  0.002928         0   0.01945         6      1024    0.8113    0.7192     0.775    0.2878   0.06646   0.02305         0
    52/149     3.37G   0.01696  0.003127         0   0.02009         7      1024    0.8481    0.7098    0.7886    0.3118   0.06564   0.02237         0
    53/149     3.37G   0.01556   0.00288         0   0.01844        22      1024    0.8494    0.7148    0.7846    0.3059   0.06559   0.02279         0
    54/149     3.37G   0.01648  0.003006         0   0.01949        18      1024    0.8528     0.683    0.7739    0.3099    0.0655   0.02228         0
    55/149     3.37G   0.01629  0.002986         0   0.01928        15      1024    0.8342    0.7795    0.8277    0.3339   0.06511   0.02169         0
    56/149     3.37G   0.01588  0.003006         0   0.01888        16      1024    0.8443    0.6882    0.7647    0.2824     0.066   0.02317         0
    57/149     3.37G   0.01662  0.002856         0   0.01948        13      1024    0.8493    0.7085    0.7837    0.3185   0.06559   0.02341         0
    58/149     3.37G   0.01731  0.002892         0    0.0202        15      1024    0.8381    0.7098     0.775    0.3176    0.0653   0.02325         0
    59/149     3.37G   0.01639   0.00301         0    0.0194        13      1024     0.885    0.7414    0.8211    0.3388   0.06514   0.02219         0
    60/149     3.37G   0.01712  0.002988         0   0.02011        22      1024    0.8588    0.7034    0.7848    0.3037   0.06572   0.02362         0
    61/149     3.37G   0.01725  0.002948         0    0.0202        20      1024    0.8676    0.7262    0.8091    0.3357   0.06503   0.02308         0
    62/149     3.37G   0.01755  0.002905         0   0.02045        12      1024    0.8112    0.7463     0.795    0.3228   0.06541   0.02293         0
    63/149     3.37G   0.01684  0.002961         0    0.0198        29      1024    0.8644     0.703    0.8017    0.3339   0.06504    0.0226         0
    64/149     3.37G   0.01722  0.002992         0   0.02021        16      1024    0.8725    0.7098    0.7954    0.3149   0.06532   0.02283         0
    65/149     3.37G   0.01837  0.002869         0   0.02124         8      1024    0.8655    0.7096    0.7962    0.3085    0.0655   0.02242         0
    66/149     3.37G   0.01571  0.002798         0   0.01851         6      1024    0.8382    0.7541    0.8209    0.3322   0.06494   0.02209         0
    67/149     3.37G   0.01732  0.002976         0    0.0203         5      1024    0.8659    0.7285    0.8151    0.3443   0.06475   0.02183         0
    68/149     3.37G   0.01643  0.002949         0   0.01938        13      1024    0.8293    0.7212    0.7952    0.3309   0.06506   0.02234         0
    69/149     3.37G    0.0173   0.00289         0   0.02019         5      1024    0.8874     0.711    0.8133    0.3476   0.06479   0.02232         0
    70/149     3.37G   0.01714  0.003082         0   0.02022         7      1024    0.8573    0.7463    0.8198    0.3474   0.06481   0.02123         0
    71/149     3.37G   0.01557  0.002765         0   0.01834        26      1024    0.8683    0.7288    0.8223    0.3402   0.06469   0.02241         0
    72/149     3.37G   0.01763   0.00302         0   0.02065        15      1024    0.8549    0.7692    0.8422    0.3548   0.06457   0.02158         0
    73/149     3.37G   0.01561  0.002941         0   0.01855        25      1024    0.8726      0.73    0.8211    0.3334   0.06494    0.0218         0
    74/149     3.37G   0.01597  0.002937         0   0.01891        22      1024    0.8555     0.744    0.8182     0.328   0.06495   0.02194         0
    75/149     3.37G   0.01699  0.002917         0   0.01991        18      1024    0.8841    0.6831    0.7802    0.3177   0.06524   0.02258         0
    76/149     3.37G   0.01667  0.002876         0   0.01954        13      1024    0.8708    0.7567    0.8326    0.3525   0.06457   0.02187         0
    77/149     3.37G   0.01846  0.002934         0    0.0214        18      1024    0.8443    0.7425    0.8082    0.3353   0.06486   0.02236         0
    78/149     3.37G   0.01559   0.00288         0   0.01847        17      1024    0.8746    0.7516    0.8366    0.3553    0.0645   0.02123         0
    79/149     3.37G   0.01694  0.002795         0   0.01974        14      1024    0.8487    0.7325    0.8074    0.3288   0.06511   0.02153         0
    80/149     3.37G   0.01637   0.00289         0   0.01926        20      1024    0.8403    0.7757     0.834    0.3453   0.06479   0.02163         0
    81/149     3.37G    0.0173  0.002789         0   0.02009         2      1024    0.8479    0.7845    0.8391     0.351   0.06459   0.02149         0
    82/149     3.37G   0.01572  0.002925         0   0.01865        21      1024    0.8712     0.763    0.8351    0.3495   0.06456   0.02154         0
    83/149     3.37G   0.01459  0.002701         0   0.01729        17      1024    0.8852    0.7525    0.8357    0.3563   0.06454   0.02176         0
    84/149     3.37G   0.01629  0.002931         0   0.01922        13      1024    0.8872    0.7374    0.8271    0.3432   0.06465   0.02142         0
    85/149     3.37G   0.01559  0.002968         0   0.01856        20      1024    0.8329    0.6984     0.763     0.304   0.06568   0.02257         0
    86/149     3.37G   0.01562  0.002928         0   0.01854        19      1024    0.8544    0.7605    0.8273    0.3515   0.06446   0.02198         0
    87/149     3.37G   0.01617  0.002728         0    0.0189        18      1024    0.8881    0.7364    0.8292    0.3502   0.06446   0.02123         0
    88/149     3.37G   0.01602  0.003015         0   0.01904        11      1024    0.8282    0.7516    0.8105    0.3272   0.06497   0.02157         0
    89/149     3.37G   0.01726  0.002825         0   0.02009        27      1024    0.8439    0.7199    0.8041     0.334    0.0647   0.02237         0
    90/149     3.37G   0.01654  0.002789         0   0.01933        22      1024    0.8662    0.7719    0.8418     0.363   0.06432    0.0213         0
    91/149     3.37G   0.01499  0.002896         0   0.01788        10      1024    0.8195    0.7858    0.8241    0.3455   0.06457    0.0213         0
    92/149     3.37G   0.01491  0.002827         0   0.01774        25      1024      0.83    0.7857    0.8344    0.3486   0.06448    0.0212         0
    93/149     3.37G   0.01669  0.002837         0   0.01953        19      1024    0.8828    0.7478    0.8358    0.3553   0.06432   0.02135         0
    94/149     3.37G   0.01609  0.002805         0    0.0189        23      1024    0.8757      0.75    0.8317    0.3649    0.0642   0.02135         0
    95/149     3.37G   0.01673  0.002777         0    0.0195        11      1024    0.8746    0.7541    0.8372    0.3646   0.06429   0.02153         0
    96/149     3.37G   0.01611  0.003025         0   0.01914        10      1024    0.8608    0.7858    0.8518    0.3699   0.06415   0.02075         0
    97/149     3.37G   0.01877  0.002832         0    0.0216        24      1024    0.8622    0.7769    0.8501    0.3713   0.06416   0.02107         0
    98/149     3.37G   0.01476  0.002688         0   0.01745        17      1024    0.8956    0.7501    0.8469    0.3643   0.06431   0.02131         0
    99/149     3.37G    0.0152    0.0027         0    0.0179        19      1024     0.863    0.7529    0.8267    0.3556   0.06446   0.02194         0
   100/149     3.37G   0.01554  0.002804         0   0.01834         6      1024    0.8562    0.7782    0.8373    0.3654   0.06432   0.02106         0
   101/149     3.37G   0.01712   0.00279         0   0.01991        17      1024    0.8686    0.7792    0.8445    0.3625    0.0643   0.02135         0
   102/149     3.37G   0.01748  0.002688         0   0.02017        19      1024    0.8721    0.7516    0.8281    0.3526   0.06451   0.02189         0
   103/149     3.37G   0.01579  0.002751         0   0.01855        20      1024    0.8885    0.7577    0.8346     0.367   0.06424   0.02153         0
   104/149     3.37G   0.01539   0.00285         0   0.01824        12      1024    0.9118    0.7516    0.8427    0.3551   0.06442   0.02089         0
   105/149     3.37G   0.01676  0.002881         0   0.01964        19      1024    0.9001    0.7652     0.847    0.3673   0.06418   0.02094         0
   106/149     3.37G   0.01732  0.002851         0   0.02017         8      1024    0.8536    0.7795    0.8441    0.3529   0.06443   0.02134         0
   107/149     3.37G   0.01614  0.002737         0   0.01887         9      1024     0.844    0.7541    0.8128    0.3299   0.06474   0.02201         0
   108/149     3.37G   0.01681  0.002906         0   0.01971        19      1024    0.8904    0.7833    0.8573    0.3683   0.06423   0.02064         0
   109/149     3.37G    0.0154  0.002719         0   0.01812         4      1024    0.8931    0.7625    0.8435    0.3654   0.06432    0.0213         0
   110/149     3.37G   0.01458  0.002733         0   0.01731        14      1024    0.8995    0.7617    0.8485    0.3689   0.06426   0.02099         0
   111/149     3.37G   0.01557  0.002758         0   0.01833         8      1024    0.8868    0.7841    0.8476     0.362    0.0642   0.02129         0
   112/149     3.37G   0.01715  0.003016         0   0.02017        30      1024    0.8706    0.7842    0.8479     0.362   0.06415   0.02101         0
   113/149     3.37G   0.01527   0.00277         0   0.01804        17      1024    0.8909    0.7766    0.8487     0.362   0.06423    0.0212         0
   114/149     3.37G   0.01515  0.002803         0   0.01795         5      1024    0.8597    0.7844    0.8441    0.3645   0.06413    0.0213         0
   115/149     3.37G   0.01645    0.0028         0   0.01925         9      1024    0.8621    0.7858    0.8473    0.3708   0.06416   0.02079         0
   116/149     3.37G   0.01545  0.002686         0   0.01814        10      1024    0.8699    0.7629    0.8438    0.3655   0.06409    0.0217         0
   117/149     3.37G   0.01627  0.002867         0   0.01914        18      1024    0.9059    0.7719    0.8557    0.3706   0.06406   0.02059         0
   118/149     3.37G   0.01577  0.002861         0   0.01863         8      1024    0.8839    0.7718    0.8472    0.3708   0.06409   0.02132         0
   119/149     3.37G   0.01495   0.00287         0   0.01782        21      1024    0.8878    0.8023    0.8645    0.3768   0.06397   0.02066         0
   120/149     3.37G   0.01558  0.002859         0   0.01844        21      1024    0.8567     0.803     0.854    0.3727   0.06402   0.02094         0
   121/149     3.37G   0.01669  0.002867         0   0.01956        27      1024    0.8682    0.7934     0.853    0.3726   0.06396   0.02084         0
   122/149     3.37G   0.01634  0.002829         0   0.01917        14      1024    0.8532    0.7955    0.8447    0.3605   0.06419   0.02119         0
   123/149     3.37G   0.01548  0.002803         0   0.01828        21      1024    0.8762    0.7982    0.8554    0.3739   0.06391    0.0208         0
   124/149     3.37G    0.0148  0.002826         0   0.01762        16      1024    0.8528    0.7781    0.8386    0.3626   0.06416   0.02118         0
   125/149     3.37G    0.0184  0.002932         0   0.02133        24      1024    0.8573    0.7541    0.8203    0.3624   0.06406   0.02159         0
   126/149     3.37G   0.01669  0.002895         0   0.01958        20      1024    0.8712    0.7807    0.8457    0.3675   0.06406   0.02156         0
   127/149     3.37G   0.01585  0.002856         0    0.0187        29      1024    0.8745    0.7857    0.8507    0.3606   0.06403   0.02108         0
   128/149     3.37G   0.01506  0.002768         0   0.01783        21      1024    0.8665    0.7833    0.8438    0.3622   0.06412   0.02121         0
   129/149     3.37G   0.01599  0.002815         0   0.01881        10      1024    0.8854    0.7932    0.8552     0.369   0.06402   0.02087         0
   130/149     3.37G   0.01593  0.002686         0   0.01862         6      1024    0.8777    0.7731    0.8391    0.3646   0.06408   0.02121         0
   131/149     3.37G   0.01602  0.002816         0   0.01883         9      1024    0.8905    0.7629    0.8475    0.3644   0.06404   0.02136         0
   132/149     3.37G   0.01664  0.002775         0   0.01941        11      1024    0.8785    0.7514    0.8342    0.3588   0.06411   0.02119         0
   133/149     3.37G   0.01482  0.002738         0   0.01756        12      1024     0.863    0.7605    0.8377    0.3572   0.06409   0.02143         0
   134/149     3.37G   0.01408  0.002769         0   0.01685         6      1024    0.8505    0.7731    0.8397    0.3622   0.06412   0.02115         0
   135/149     3.37G   0.01757  0.002782         0   0.02035        13      1024    0.8734    0.7655    0.8389    0.3546    0.0642   0.02158         0
   136/149     3.37G   0.01784  0.002856         0    0.0207        18      1024    0.8643    0.7592     0.837    0.3538   0.06417   0.02153         0
   137/149     3.37G   0.01497  0.002857         0   0.01783        16      1024    0.8825    0.7617    0.8447    0.3634   0.06402   0.02126         0
   138/149     3.37G   0.01611  0.002893         0   0.01901         3      1024     0.851    0.8035    0.8517    0.3779   0.06389   0.02075         0
   139/149     3.37G   0.01495  0.002865         0   0.01782         7      1024    0.8753    0.7921     0.853    0.3764   0.06389    0.0207         0
   140/149     3.37G   0.01502  0.002859         0   0.01788        21      1024    0.8743    0.7769     0.847    0.3769   0.06388   0.02111         0
   141/149     3.37G   0.01412  0.002842         0   0.01696        13      1024    0.8679    0.7663    0.8349    0.3559   0.06418   0.02156         0
   142/149     3.37G   0.01738   0.00277         0   0.02015         7      1024    0.8655    0.7665    0.8377    0.3631   0.06408   0.02112         0
   143/149     3.37G   0.01508  0.002761         0   0.01784        19      1024    0.8884     0.749    0.8326    0.3556   0.06421   0.02156         0
   144/149     3.37G    0.0159   0.00277         0   0.01867        17      1024    0.8675    0.7807    0.8428    0.3637   0.06402   0.02118         0
   145/149     3.37G   0.01586   0.00291         0   0.01877        10      1024    0.8766    0.7743    0.8407    0.3557   0.06409   0.02132         0
   146/149     3.37G   0.01588  0.002783         0   0.01866        18      1024    0.8519    0.7896    0.8382    0.3567    0.0641    0.0215         0
   147/149     3.37G   0.01525  0.003023         0   0.01827        20      1024     0.872    0.7769    0.8416    0.3639   0.06403   0.02095         0
   148/149     3.37G   0.01606  0.002795         0   0.01885        17      1024    0.8963    0.7693    0.8485     0.373   0.06397   0.02081         0
   149/149     3.37G   0.01456  0.002831         0   0.01739        16      1024    0.8792    0.7959    0.8647    0.3782   0.06386   0.02034         0
