     0/199    0.914G   0.07807    0.0114         0   0.08947        16      1024         0         0         0         0   0.09417   0.01811         0
     1/199     3.17G    0.0506  0.002797         0    0.0534        29      1024 0.0007315   0.01141 6.113e-05 9.734e-06   0.08688   0.02158         0
     2/199     3.19G   0.03078  0.002835         0   0.03361        31      1024  0.002052   0.01014 0.0002632 4.452e-05   0.08603   0.02131         0
     3/199      3.2G   0.02645  0.003402         0   0.02985        20      1024   0.06037    0.1369   0.02506  0.004904   0.07767    0.0289         0
     4/199     3.21G   0.02435  0.003765         0   0.02812        18      1024    0.1445    0.2826     0.108    0.0226   0.07278   0.03256         0
     5/199     3.21G   0.02219  0.003696         0   0.02588        21      1024    0.2648    0.3207    0.1742   0.04101   0.07129   0.03121         0
     6/199     3.21G   0.02161  0.003649         0   0.02526        35      1024     0.334    0.3143    0.2151   0.04649   0.07049    0.0288         0
     7/199     3.21G   0.02181  0.003419         0   0.02523        33      1024    0.4221    0.3929    0.2926   0.06108   0.06965    0.0265         0
     8/199     3.21G   0.02096  0.003338         0    0.0243        34      1024    0.7217    0.5754    0.6015    0.1859   0.06673   0.02279         0
     9/199     3.23G   0.02111   0.00312         0   0.02423        24      1024    0.6539    0.6553    0.6407    0.2053   0.06595   0.02265         0
    10/199     3.23G   0.02087  0.002953         0   0.02382        31      1024    0.7559    0.6451     0.692    0.2212   0.06573   0.02189         0
    11/199     3.23G   0.01948  0.002982         0   0.02247        41      1024    0.7806    0.6046     0.691    0.2366   0.06478   0.02053         0
    12/199     3.23G   0.01822  0.002871         0   0.02109        13      1024    0.7626    0.6933    0.7304    0.2516    0.0645   0.02043         0
    13/199     3.23G   0.01813  0.002877         0   0.02101        30      1024    0.8001    0.7009    0.7566    0.2618   0.06432   0.01976         0
    14/199     3.23G   0.01986  0.002852         0   0.02271        29      1024    0.7765    0.6755    0.7304    0.2573   0.06513   0.02051         0
    15/199     3.23G   0.01982  0.002751         0   0.02257        31      1024    0.7476    0.7058     0.729    0.2413   0.06462   0.02036         0
    16/199     3.24G   0.01861  0.002765         0   0.02138        23      1024    0.7164    0.6198    0.6453    0.1955    0.0654   0.02052         0
    17/199     3.24G   0.01814  0.002746         0   0.02088        26      1024    0.8252    0.7297     0.776    0.2925    0.0638   0.01925         0
    18/199     3.24G   0.01792  0.002773         0   0.02069        30      1024    0.7994    0.7121    0.7504    0.2543   0.06437    0.0202         0
    19/199     3.24G   0.01912  0.002747         0   0.02186        23      1024    0.7994    0.7173    0.7793    0.2888   0.06377   0.01883         0
    20/199     3.24G   0.01824  0.002726         0   0.02097        15      1024     0.824    0.7123    0.7757    0.2744   0.06386    0.0176         0
    21/199     3.24G    0.0184  0.002736         0   0.02114        27      1024    0.8315    0.7148    0.7762     0.289   0.06355   0.01924         0
    22/199     3.24G   0.01783  0.002665         0    0.0205        19      1024    0.8366    0.7224    0.7872    0.3153   0.06337   0.01946         0
    23/199     3.24G   0.01691  0.002629         0   0.01954        31      1024    0.7899    0.7244    0.7767    0.2891   0.06367   0.01914         0
    24/199     3.24G   0.01818  0.002605         0   0.02079        12      1024    0.7738    0.7455    0.7671     0.269    0.0641   0.01854         0
    25/199     3.24G     0.018  0.002726         0   0.02073        29      1024    0.8137    0.7402    0.7921    0.3108   0.06322   0.01967         0
    26/199     3.24G   0.01785  0.002707         0   0.02056        36      1024    0.8562    0.7402    0.7999    0.3012   0.06361   0.01859         0
    27/199     3.24G   0.01668  0.002543         0   0.01922        20      1024    0.7897    0.7807    0.8097     0.308   0.06333    0.0192         0
    28/199     3.24G   0.01829  0.002554         0   0.02085        17      1024    0.8361    0.7706    0.8133    0.3266   0.06347   0.01829         0
    29/199     3.24G    0.0186  0.002604         0    0.0212        23      1024    0.8375    0.7668    0.8098    0.3297   0.06308   0.01874         0
    30/199     3.24G   0.01578  0.002541         0   0.01832        15      1024    0.7931    0.7706    0.8065    0.3111   0.06328   0.01854         0
    31/199     3.24G   0.01749  0.002557         0   0.02005        18      1024    0.8174    0.7661    0.8142    0.3153   0.06327    0.0192         0
    32/199     3.24G   0.01758  0.002545         0   0.02013        27      1024     0.817    0.7567     0.812    0.3304   0.06313   0.01983         0
    33/199     3.24G   0.01697  0.002491         0   0.01946        22      1024    0.8744    0.7605     0.828    0.3263   0.06299   0.01744         0
    34/199     3.24G   0.01716  0.002539         0    0.0197        15      1024    0.8411    0.7782    0.8307    0.3234   0.06292   0.01838         0
    35/199     3.24G   0.01859  0.002484         0   0.02107        31      1024     0.872    0.7945    0.8525     0.351   0.06265   0.01819         0
    36/199     3.24G   0.01856    0.0025         0   0.02106        23      1024    0.8748    0.7795    0.8521    0.3589   0.06259   0.01729         0
    37/199     3.24G   0.01593  0.002551         0   0.01849        19      1024    0.8464    0.7895    0.8401    0.3349   0.06282   0.01785         0
    38/199     3.24G    0.0175  0.002445         0   0.01994        13      1024    0.8403    0.7858    0.8378    0.3422   0.06294   0.01828         0
    39/199     3.24G   0.01556  0.002555         0   0.01812        36      1024    0.8591    0.7879    0.8439    0.3451   0.06268   0.01743         0
    40/199     3.24G   0.01774  0.002589         0   0.02033        14      1024    0.8581    0.8124    0.8541    0.3573   0.06295   0.01654         0
    41/199     3.24G   0.01781  0.002389         0    0.0202        36      1024    0.8355    0.8173    0.8394     0.355   0.06263   0.01661         0
    42/199     3.24G   0.01583  0.002355         0   0.01819        28      1024    0.8521    0.8249     0.859    0.3555   0.06264   0.01741         0
    43/199     3.24G   0.01817  0.002496         0   0.02066        19      1024    0.8633    0.7871    0.8404    0.3735   0.06241   0.01721         0
    44/199     3.24G   0.01669  0.002412         0    0.0191        15      1024    0.8745    0.8122    0.8606    0.3621   0.06244   0.01659         0
    45/199     3.24G   0.01803  0.002424         0   0.02045        21      1024    0.8743    0.7858    0.8553    0.3569    0.0626    0.0173         0
    46/199     3.24G    0.0181  0.002449         0   0.02055        29      1024     0.865    0.8226    0.8697    0.3671   0.06247   0.01723         0
    47/199     3.24G    0.0161   0.00236         0   0.01846        13      1024    0.9014    0.7881     0.867    0.3662   0.06258    0.0167         0
    48/199     3.24G   0.01698  0.002406         0   0.01939        14      1024    0.8591    0.8111    0.8504    0.3624   0.06243   0.01862         0
    49/199     3.24G   0.01559  0.002409         0   0.01799        24      1024    0.8935    0.7769    0.8424    0.3515   0.06262   0.01771         0
    50/199     3.24G   0.01619  0.002416         0   0.01861        27      1024    0.9119    0.7896    0.8708    0.3722    0.0624   0.01608         0
    51/199     3.24G    0.0159  0.002377         0   0.01828        43      1024    0.8684    0.8048     0.859    0.3652   0.06257   0.01686         0
    52/199     3.24G   0.01687  0.002479         0   0.01935        27      1024    0.8393     0.821    0.8597    0.3791   0.06221   0.01614         0
    53/199     3.24G   0.01476  0.002361         0   0.01712        41      1024    0.8573    0.8188    0.8632    0.3548   0.06243   0.01708         0
    54/199     3.24G   0.01704  0.002437         0   0.01948        34      1024    0.8844    0.8044    0.8687    0.3682   0.06236   0.01682         0
    55/199     3.24G   0.01537  0.002235         0   0.01761        17      1024    0.8428    0.8224    0.8513    0.3602   0.06246    0.0169         0
    56/199     3.24G   0.01642   0.00239         0   0.01881        20      1024    0.8887    0.8112    0.8692    0.3746   0.06207   0.01665         0
    57/199     3.24G   0.01571  0.002272         0   0.01799        27      1024    0.8788    0.7906    0.8508    0.3608   0.06247   0.01787         0
    58/199     3.24G   0.01662  0.002274         0   0.01889        21      1024    0.8839    0.8213     0.882     0.373    0.0622   0.01621         0
    59/199     3.24G   0.01633  0.002447         0   0.01878        22      1024    0.8361     0.834    0.8636    0.3629   0.06232   0.01664         0
    60/199     3.24G   0.01583  0.002323         0   0.01815        16      1024     0.858      0.82    0.8625    0.3703   0.06234   0.01741         0
    61/199     0.77G   0.01667  0.002383         0   0.01905        16      1024    0.8477    0.8324    0.8722    0.3675   0.06232   0.01629         0
    62/199     3.24G   0.01688  0.002398         0   0.01928        29      1024    0.8944    0.7943    0.8685    0.3661   0.06231   0.01675         0
    63/199     3.25G   0.01496  0.002327         0   0.01729        31      1024    0.8703    0.7995     0.867    0.3706   0.06223   0.01665         0
    64/199     3.25G   0.01605  0.002367         0   0.01842        20      1024    0.8663    0.8213    0.8722    0.3632   0.06229   0.01653         0
    65/199     3.25G   0.01658  0.002338         0   0.01892        18      1024    0.8711    0.7909    0.8535    0.3643   0.06231   0.01661         0
    66/199     3.25G   0.01513  0.002295         0   0.01742        21      1024    0.8758    0.8136    0.8603    0.3693   0.06215   0.01673         0
    67/199     3.25G   0.01641  0.002314         0   0.01872        35      1024    0.8765    0.7871    0.8591    0.3614    0.0624   0.01699         0
    68/199     3.25G   0.01626  0.002294         0   0.01856        33      1024    0.8678      0.84    0.8775    0.3797   0.06207     0.016         0
    69/199     3.25G   0.01741   0.00237         0   0.01978        34      1024    0.8418    0.8162    0.8638    0.3705   0.06245   0.01653         0
    70/199     3.27G   0.01705  0.002363         0   0.01941        24      1024    0.8732    0.8302    0.8704    0.3855    0.0621   0.01691         0
    71/199     3.28G   0.01747  0.002287         0   0.01975        31      1024    0.8896    0.7896    0.8685    0.3704    0.0623   0.01702         0
    72/199     3.28G   0.01637  0.002329         0   0.01869        41      1024    0.8675    0.7969    0.8567    0.3675   0.06224   0.01652         0
    73/199     3.28G   0.01514  0.002338         0   0.01748        13      1024     0.864     0.815    0.8621     0.354   0.06241   0.01664         0
    74/199     3.28G   0.01552   0.00231         0   0.01783        30      1024    0.8736    0.8237    0.8751    0.3817    0.0622   0.01587         0
    75/199     3.28G   0.01777  0.002332         0   0.02011        29      1024    0.8584    0.8301    0.8634    0.3746   0.06223    0.0162         0
    76/199     3.28G   0.01751  0.002282         0   0.01979        31      1024    0.9069    0.8061    0.8828    0.3824   0.06202   0.01595         0
    77/199     3.28G   0.01579  0.002277         0   0.01806        23      1024    0.8833    0.8055    0.8721    0.3782   0.06207   0.01669         0
    78/199      3.3G   0.01592  0.002292         0   0.01821        26      1024    0.8621    0.8085    0.8602    0.3866   0.06209   0.01607         0
    79/199      3.3G   0.01645  0.002305         0   0.01876        30      1024    0.8813    0.8099    0.8683    0.3732    0.0621   0.01625         0
    80/199      3.3G   0.01683  0.002303         0   0.01913        23      1024     0.881    0.8023    0.8664    0.3737   0.06214    0.0161         0
    81/199      3.3G   0.01632  0.002283         0    0.0186        15      1024    0.8773    0.8428    0.8807    0.3794   0.06196   0.01534         0
    82/199      3.3G   0.01716   0.00234         0    0.0195        27      1024    0.8952    0.8123    0.8771    0.3884   0.06181    0.0157         0
    83/199      3.3G   0.01552  0.002342         0   0.01786        19      1024    0.9011      0.82    0.8803    0.3942   0.06172   0.01576         0
    84/199      3.3G   0.01522  0.002273         0    0.0175        31      1024    0.8684     0.836    0.8737    0.3946   0.06174   0.01567         0
    85/199      3.3G   0.01608  0.002275         0   0.01836        12      1024    0.8449    0.8423    0.8627    0.3827   0.06188   0.01625         0
    86/199      3.3G   0.01591    0.0024         0   0.01831        29      1024    0.8806     0.834    0.8686    0.3806   0.06199   0.01636         0
    87/199      3.3G    0.0161  0.002373         0   0.01847        36      1024    0.8825    0.8568    0.8895    0.3924   0.06168   0.01623         0
    88/199      3.3G   0.01492  0.002267         0   0.01719        20      1024     0.858    0.8503     0.874    0.3834   0.06175   0.01574         0
    89/199      3.3G   0.01622  0.002306         0   0.01853        17      1024    0.8754    0.8466    0.8775    0.3803   0.06175   0.01612         0
    90/199      3.3G    0.0168  0.002326         0   0.01913        23      1024    0.8993    0.8492    0.8888    0.3953   0.06182   0.01552         0
    91/199      3.3G   0.01429  0.002306         0    0.0166        15      1024    0.8448    0.8351    0.8742    0.3837   0.06188   0.01588         0
    92/199      3.3G   0.01612  0.002295         0   0.01841        18      1024    0.8755    0.8377    0.8809    0.3814   0.06188   0.01643         0
    93/199      3.3G   0.01607   0.00231         0   0.01838        27      1024    0.8592    0.8198    0.8667    0.3808   0.06188   0.01613         0
    94/199      3.3G   0.01521  0.002262         0   0.01747        22      1024    0.8824    0.8289     0.876    0.3881   0.06167    0.0156         0
    95/199      3.3G   0.01551  0.002315         0   0.01782        15      1024    0.8734    0.8327    0.8689    0.3901   0.06162   0.01631         0
    96/199      3.3G   0.01735   0.00228         0   0.01963        31      1024     0.869    0.8416    0.8723    0.3959   0.06177   0.01557         0
    97/199      3.3G   0.01726  0.002304         0   0.01957        23      1024    0.8834     0.839    0.8794    0.3967   0.06145   0.01557         0
    98/199      3.3G   0.01478  0.002367         0   0.01715        19      1024    0.9002    0.8251    0.8877    0.3941   0.06162   0.01604         0
    99/199      3.3G   0.01617  0.002236         0    0.0184        13      1024    0.8851    0.8162     0.872    0.3878   0.06169   0.01577         0
   100/199      3.3G   0.01495  0.002353         0   0.01731        36      1024    0.8863    0.8124     0.862    0.3911   0.06178   0.01572         0
   101/199      3.3G    0.0169  0.002383         0   0.01928        14      1024    0.8636      0.82    0.8642    0.3852   0.06176   0.01635         0
   102/199      3.3G   0.01599  0.002272         0   0.01826        36      1024    0.8812      0.82     0.867    0.3951   0.06174   0.01596         0
   103/199     3.31G   0.01494   0.00218         0   0.01712        28      1024     0.869    0.8276    0.8665     0.385   0.06172   0.01578         0
   104/199     3.31G   0.01663  0.002314         0   0.01894        19      1024    0.8968    0.8044    0.8662    0.3893   0.06158   0.01583         0
   105/199     3.31G   0.01554   0.00228         0   0.01782        15      1024    0.8957    0.8162    0.8782    0.3971   0.06162   0.01615         0
   106/199     3.31G   0.01584   0.00227         0   0.01811        21      1024    0.8618    0.8298    0.8759    0.3861   0.06162   0.01625         0
   107/199     3.31G   0.01665  0.002303         0   0.01895        29      1024    0.8686    0.8378    0.8798    0.3936   0.06163   0.01598         0
   108/199     3.31G   0.01499   0.00223         0   0.01722        13      1024    0.8718    0.8302    0.8747    0.3978    0.0617   0.01595         0
   109/199     3.31G   0.01586  0.002248         0   0.01811        14      1024    0.8694    0.8542    0.8894    0.3971   0.06142   0.01605         0
   110/199     3.31G   0.01417  0.002272         0   0.01644        24      1024    0.8936      0.83     0.887    0.3974   0.06151   0.01607         0
   111/199     3.31G   0.01509  0.002267         0   0.01736        27      1024    0.8789    0.8492    0.8844    0.4002    0.0615   0.01577         0
   112/199     3.31G   0.01485  0.002244         0    0.0171        43      1024    0.8562    0.8377    0.8642    0.3902   0.06165   0.01559         0
   113/199     3.31G   0.01545  0.002317         0   0.01777        27      1024    0.8837    0.8377    0.8823    0.3999   0.06152   0.01561         0
   114/199     3.31G   0.01394  0.002241         0   0.01618        41      1024    0.8799    0.8454    0.8848    0.4006   0.06148   0.01586         0
   115/199     3.32G   0.01572  0.002319         0   0.01804        34      1024    0.8792     0.858     0.889    0.3951    0.0615   0.01582         0
   116/199     3.32G   0.01432  0.002127         0   0.01645        17      1024    0.8828    0.8504    0.8759     0.396   0.06151   0.01627         0
   117/199     3.32G    0.0154  0.002265         0   0.01766        20      1024    0.8701    0.8593    0.8819    0.4057   0.06145   0.01575         0
   118/199     3.32G   0.01469  0.002193         0   0.01689        27      1024    0.8856    0.8439    0.8881    0.4005   0.06145   0.01609         0
   119/199     3.32G   0.01579  0.002164         0   0.01795        21      1024    0.8866    0.8352    0.8804    0.3999   0.06155   0.01567         0
   120/199     3.32G   0.01567  0.002301         0   0.01797        22      1024    0.8619    0.8466    0.8786    0.3969   0.06152   0.01606         0
   121/199     3.32G   0.01498  0.002198         0   0.01718        16      1024    0.8725    0.8454    0.8822    0.4026   0.06137   0.01592         0
   122/199     3.32G   0.01721  0.002295         0   0.01951        26      1024    0.8909    0.8289    0.8776    0.3919    0.0615   0.01615         0
   123/199     3.32G   0.01551  0.002231         0   0.01774        37      1024    0.8884    0.8276    0.8775    0.4002    0.0615   0.01591         0
   124/199     3.32G   0.01517  0.002314         0   0.01748        32      1024    0.8823    0.8262     0.876    0.3973   0.06149   0.01633         0
   125/199     3.32G   0.01605  0.002192         0   0.01824        10      1024    0.8845     0.835    0.8787    0.3951   0.06157   0.01587         0
   126/199     3.32G   0.01633  0.002262         0   0.01859        30      1024     0.871    0.8314    0.8733    0.3984   0.06143    0.0162         0
   127/199     3.32G   0.01526  0.002237         0    0.0175        25      1024    0.8916    0.8237    0.8827    0.4008   0.06148   0.01585         0
   128/199     3.32G   0.01522  0.002224         0   0.01744        13      1024    0.8898    0.8388    0.8932    0.3945   0.06152   0.01559         0
   129/199     3.32G   0.01674  0.002235         0   0.01898        16      1024    0.8692    0.8591    0.9006    0.4075    0.0614   0.01558         0
   130/199     3.32G   0.01584  0.002321         0   0.01816        31      1024    0.8951    0.8325    0.8878    0.4091   0.06135   0.01544         0
   131/199     3.32G   0.01588  0.002145         0   0.01802        47      1024    0.8851      0.82    0.8779    0.4028   0.06141    0.0161         0
   132/199     3.32G     0.017  0.002232         0   0.01923        40      1024    0.8928    0.8352    0.8825    0.4049   0.06143   0.01568         0
   133/199     3.32G   0.01493  0.002255         0   0.01719        27      1024    0.9033    0.8289    0.8793    0.4044   0.06134   0.01582         0
   134/199     3.32G   0.01494  0.002205         0   0.01715        19      1024     0.883    0.8414    0.8783    0.3977   0.06134   0.01586         0
   135/199     3.32G   0.01526  0.002264         0   0.01752        20      1024    0.8919    0.8365    0.8833    0.4038   0.06141   0.01589         0
   136/199     3.32G   0.01493  0.002192         0   0.01712        28      1024    0.8815    0.8492    0.8891    0.4014   0.06127   0.01563         0
   137/199     3.32G   0.01413  0.002256         0   0.01639        28      1024    0.8626    0.8606    0.8879    0.4028   0.06119   0.01567         0
   138/199     3.32G   0.01551  0.002204         0   0.01771        34      1024    0.8648    0.8682    0.8892    0.4023   0.06128   0.01574         0
   139/199     3.32G   0.01624  0.002267         0   0.01851        17      1024     0.893    0.8378    0.8872    0.4025   0.06132    0.0158         0
   140/199     3.32G   0.01521  0.002302         0   0.01752        25      1024    0.8935    0.8403     0.892    0.4027   0.06139   0.01582         0
   141/199     3.32G   0.01651  0.002136         0   0.01864        21      1024    0.8707    0.8631    0.8893    0.4057   0.06126   0.01551         0
   142/199     3.32G   0.01616  0.002195         0   0.01836        21      1024    0.8766    0.8555    0.8868    0.4048   0.06129   0.01579         0
   143/199     3.32G   0.01491  0.002282         0   0.01719        24      1024    0.8773    0.8428    0.8827    0.3924   0.06148    0.0161         0
   144/199     3.32G   0.01689  0.002306         0   0.01919        17      1024    0.8626    0.8619    0.8826    0.4083   0.06138   0.01567         0
   145/199     3.32G   0.01806  0.002309         0   0.02037        42      1024    0.8818    0.8517    0.8879    0.4085   0.06137   0.01579         0
   146/199     3.32G   0.01393  0.002169         0    0.0161        37      1024    0.8878     0.853    0.8955    0.4098   0.06122   0.01593         0
   147/199     3.32G   0.01586  0.002239         0    0.0181        24      1024    0.8961    0.8415    0.8963     0.408   0.06127   0.01591         0
   148/199     3.32G   0.01628  0.002293         0   0.01858        19      1024    0.8933     0.849    0.8971    0.4066   0.06131   0.01586         0
   149/199     3.32G    0.0146  0.002263         0   0.01686        34      1024    0.8895    0.8378    0.8885    0.4039   0.06133   0.01596         0
   150/199     3.32G   0.01482   0.00224         0   0.01706         8      1024    0.8637    0.8593    0.8795    0.4074   0.06128   0.01573         0
   151/199     3.32G   0.01498  0.002318         0    0.0173        35      1024    0.8903    0.8365    0.8816    0.4054   0.06127   0.01581         0
   152/199     3.32G   0.01614  0.002189         0   0.01833        22      1024     0.874     0.853    0.8866    0.4032   0.06129   0.01573         0
   153/199     3.32G   0.01578  0.002187         0   0.01797        23      1024    0.8721    0.8466    0.8833    0.4003   0.06147   0.01599         0
   154/199     3.32G   0.01456   0.00226         0   0.01682        24      1024    0.8642    0.8568    0.8846    0.4028   0.06133   0.01584         0
   155/199     3.32G   0.01457  0.002216         0   0.01679        17      1024    0.8663    0.8542    0.8774    0.4046   0.06127   0.01556         0
   156/199     3.32G   0.01676  0.002188         0   0.01895        28      1024    0.8823    0.8492     0.884    0.4066   0.06117   0.01588         0
   157/199     3.32G    0.0143  0.002145         0   0.01644        31      1024    0.8912    0.8314    0.8787     0.395   0.06129   0.01617         0
   158/199     3.32G   0.01463  0.002232         0   0.01686        33      1024    0.8845    0.8639    0.8903    0.4083   0.06112   0.01571         0
   159/199     3.32G   0.01659  0.002276         0   0.01886        24      1024    0.9065    0.8327    0.8918    0.4038   0.06124   0.01567         0
   160/199     3.32G   0.01585  0.002216         0   0.01806        28      1024    0.8604    0.8748    0.8893    0.4108   0.06117   0.01558         0
   161/199     3.32G   0.01439  0.002266         0   0.01666        40      1024    0.8947    0.8504    0.8935    0.4123   0.06118    0.0157         0
   162/199     3.32G   0.01455  0.002234         0   0.01678        26      1024    0.8826    0.8682    0.9013    0.4093   0.06117   0.01539         0
   163/199     3.32G   0.01609  0.002305         0    0.0184        20      1024    0.8824    0.8568    0.8959    0.4103    0.0612   0.01544         0
   164/199     3.32G   0.01457  0.002165         0   0.01673        36      1024    0.8936    0.8416    0.8935    0.4075   0.06129   0.01568         0
   165/199     3.32G    0.0158  0.002272         0   0.01807        14      1024    0.8923    0.8428    0.8893    0.4078   0.06131   0.01565         0
   166/199     3.32G   0.01735  0.002277         0   0.01963        22      1024    0.8893    0.8552    0.8875     0.405   0.06128   0.01603         0
   167/199     3.32G   0.01625  0.002166         0   0.01842        20      1024    0.9097    0.8314    0.8861     0.407   0.06128   0.01573         0
   168/199     3.32G   0.01466  0.002202         0   0.01686        23      1024    0.8915    0.8541    0.8919    0.4106   0.06125   0.01558         0
   169/199     3.32G   0.01451  0.002199         0   0.01671        22      1024    0.9085    0.8441    0.8887    0.4109   0.06122   0.01575         0
   170/199     3.32G     0.015  0.002248         0   0.01725        30      1024    0.9108    0.8416    0.8854    0.4099   0.06124   0.01557         0
   171/199     3.32G   0.01493  0.002174         0   0.01711        28      1024    0.9034    0.8416    0.8903    0.4115   0.06127    0.0155         0
   172/199     3.32G   0.01556  0.002342         0    0.0179        27      1024    0.9086    0.8314    0.8844    0.4078   0.06118    0.0153         0
   173/199     3.32G   0.01449  0.002242         0   0.01673        32      1024    0.8916    0.8479    0.8931    0.4112   0.06108   0.01564         0
   174/199     3.32G   0.01578  0.002236         0   0.01802        19      1024    0.8929     0.845     0.886    0.4099   0.06113   0.01579         0
   175/199     3.32G   0.01331  0.002178         0   0.01549        15      1024    0.8976    0.8492    0.8911    0.4116   0.06111   0.01579         0
   176/199     3.32G   0.01442  0.002165         0   0.01658        23      1024    0.8996    0.8416      0.88    0.4133   0.06116   0.01548         0
   177/199     3.32G   0.01474  0.002239         0   0.01698        19      1024    0.8982     0.839    0.8837    0.4117   0.06121   0.01553         0
   178/199     3.32G   0.01451  0.002187         0    0.0167        24      1024    0.9032    0.8514    0.8946    0.4125   0.06118   0.01566         0
   179/199     3.32G   0.01482  0.002218         0   0.01704        27      1024    0.9077    0.8479    0.8943    0.4072   0.06117   0.01565         0
   180/199     3.32G   0.01606  0.002242         0    0.0183        32      1024    0.9032    0.8516    0.8976    0.4099   0.06118   0.01565         0
   181/199     3.32G   0.01548  0.002165         0   0.01765        34      1024     0.902    0.8416    0.8908     0.411   0.06115   0.01574         0
   182/199     3.32G   0.01441  0.002207         0   0.01662        46      1024    0.8899    0.8501    0.8923    0.4081    0.0612   0.01606         0
   183/199     3.32G   0.01505  0.002238         0   0.01729        12      1024    0.8931    0.8479    0.8878    0.4118   0.06115   0.01561         0
   184/199     3.32G   0.01678  0.002213         0     0.019        23      1024    0.8876    0.8542    0.8908    0.4124   0.06116   0.01562         0
   185/199     3.32G   0.01401  0.002299         0   0.01631        17      1024     0.907    0.8403    0.8903    0.4128   0.06111   0.01569         0
   186/199     3.32G   0.01575  0.002166         0   0.01792        28      1024    0.9076    0.8378    0.8895    0.4107   0.06118   0.01565         0
   187/199     3.32G   0.01689  0.002166         0   0.01905        26      1024    0.8926    0.8454    0.8886     0.408   0.06126   0.01557         0
   188/199     3.32G   0.01468  0.002124         0    0.0168        30      1024     0.902    0.8401    0.8906    0.4137   0.06117   0.01572         0
   189/199     3.32G   0.01594  0.002186         0   0.01812        22      1024    0.8647    0.8745    0.8894    0.4199   0.06112   0.01577         0
   190/199     3.32G   0.01697  0.002274         0   0.01924        35      1024    0.8881    0.8479    0.8931    0.4078   0.06112   0.01559         0
   191/199     3.32G   0.01417  0.002295         0   0.01647        40      1024    0.8943    0.8362    0.8842    0.4102   0.06113   0.01563         0
   192/199     3.32G   0.01388  0.002348         0   0.01622        19      1024    0.8827    0.8517    0.8866    0.4093   0.06118   0.01576         0
   193/199     3.32G   0.01576  0.002327         0   0.01809        40      1024    0.8861     0.858    0.8908    0.4084   0.06121   0.01567         0
   194/199     3.32G   0.01479  0.002283         0   0.01707        31      1024    0.8888    0.8555    0.8917    0.4105   0.06117   0.01557         0
   195/199     3.32G   0.01455   0.00222         0   0.01677        36      1024    0.8759    0.8593    0.8891    0.4095   0.06116   0.01584         0
   196/199     3.32G   0.01568  0.002251         0   0.01793        35      1024    0.8777    0.8642    0.8918     0.413   0.06117   0.01584         0
   197/199     3.32G   0.01538  0.002286         0   0.01767        32      1024    0.8658    0.8668    0.8853    0.4073    0.0612   0.01572         0
   198/199     3.32G   0.01364  0.002239         0   0.01588        17      1024     0.866    0.8603    0.8866    0.4112   0.06114   0.01566         0
   199/199     3.32G   0.01513  0.002191         0   0.01732        15      1024    0.8874    0.8593    0.8966    0.4134   0.06111   0.01574         0
