     0/199     0.74G   0.07554   0.01127         0   0.08682        16      1024 3.805e-05  0.002535 5.563e-07 7.574e-08    0.1091   0.01186         0
     1/199     3.16G   0.03986  0.002653         0   0.04251        29      1024   0.01881   0.04183  0.002989 0.0005538   0.08921   0.01927         0
     2/199     3.18G   0.03636  0.002415         0   0.03878        31      1024  0.001396   0.05577 9.504e-05 1.732e-05    0.0849   0.02277         0
     3/199     3.18G   0.03093  0.002769         0    0.0337        20      1024  0.006764   0.07731  0.002966 0.0005927   0.08311   0.02336         0
     4/199     3.18G   0.02773  0.003409         0   0.03114        18      1024    0.1203    0.1749   0.05785   0.01239   0.07562   0.03098         0
     5/199     3.18G   0.02393  0.003786         0   0.02772        21      1024    0.1501    0.2091   0.08694   0.02487   0.07131   0.03189         0
     6/199     3.19G   0.02342  0.003882         0    0.0273        35      1024    0.2463    0.4221    0.1992   0.05124   0.07102   0.02885         0
     7/199     3.19G   0.02281  0.003519         0   0.02632        33      1024    0.4338    0.3954    0.3029   0.07111   0.06961   0.02952         0
     8/199     3.19G   0.02291    0.0035         0   0.02641        34      1024    0.5725    0.4786    0.4446     0.127   0.06749   0.02734         0
     9/199     3.21G   0.02196   0.00324         0    0.0252        24      1024    0.6049    0.5957    0.5555    0.1612   0.06725   0.02573         0
    10/199     3.21G   0.02255  0.003045         0    0.0256        31      1024    0.6842    0.5919    0.6031    0.1705   0.06671   0.02374         0
    11/199     3.21G   0.02047  0.003008         0   0.02348        41      1024    0.6024    0.5184    0.5264    0.1362   0.06732   0.02124         0
    12/199     3.21G   0.01869  0.002967         0   0.02165        13      1024    0.7252     0.692     0.715    0.2385   0.06516    0.0206         0
    13/199     3.21G   0.01884  0.002907         0   0.02175        30      1024    0.7217    0.6679    0.6761    0.1989   0.06551   0.01984         0
    14/199     3.21G   0.02135  0.002884         0   0.02423        29      1024     0.785     0.694    0.7258    0.2438   0.06516   0.02097         0
    15/199     3.21G   0.02047  0.002786         0   0.02325        31      1024    0.7567    0.6946    0.7276    0.2484   0.06501   0.01915         0
    16/199     3.21G   0.01865  0.002781         0   0.02143        23      1024    0.6976    0.6755    0.6564    0.2028   0.06537   0.02053         0
    17/199     3.21G   0.01838  0.002806         0   0.02118        26      1024    0.8385    0.7171     0.772    0.3053   0.06369   0.02037         0
    18/199     3.21G   0.01845  0.002803         0   0.02125        30      1024    0.7502    0.7009    0.7215    0.2561   0.06444   0.02109         0
    19/199     3.21G   0.01956  0.002782         0   0.02234        23      1024    0.8217    0.7034    0.7641    0.2834   0.06391   0.01844         0
    20/199     3.21G   0.01838  0.002701         0   0.02108        15      1024    0.7389    0.6347    0.6699    0.2019    0.0652   0.02069         0
    21/199     3.21G   0.01908  0.002739         0   0.02182        27      1024    0.8024    0.7464    0.7681    0.2615   0.06406   0.01925         0
    22/199     3.21G   0.01718  0.002717         0   0.01989        19      1024    0.7976    0.7554    0.7866     0.303   0.06351   0.01976         0
    23/199     3.21G   0.01752  0.002624         0   0.02014        31      1024    0.8537    0.7402    0.8056    0.3117   0.06316    0.0191         0
    24/199     3.21G   0.01744  0.002606         0   0.02005        12      1024    0.8014    0.7427    0.7763    0.2862   0.06373   0.02068         0
    25/199     3.21G   0.01739  0.002719         0   0.02011        29      1024    0.8555    0.7389    0.8094    0.3025   0.06352   0.01892         0
    26/199     3.21G   0.01772  0.002691         0   0.02041        36      1024    0.7726    0.7326    0.7674     0.281   0.06388   0.02056         0
    27/199     3.21G   0.01664  0.002537         0   0.01918        20      1024    0.8324     0.744    0.7934    0.2885   0.06372   0.01979         0
    28/199     3.21G   0.01723  0.002574         0   0.01981        17      1024    0.8487    0.7541    0.8105    0.3101   0.06352   0.01937         0
    29/199     3.21G   0.01879  0.002635         0   0.02143        23      1024    0.8392     0.801    0.8381    0.3492   0.06342   0.01851         0
    30/199     3.21G    0.0161  0.002583         0   0.01868        15      1024    0.8615    0.7427    0.8179    0.3068   0.06323   0.01826         0
    31/199     3.22G   0.01685   0.00258         0   0.01943        18      1024    0.8766    0.7655    0.8317    0.3153   0.06301   0.02026         0
    32/199     3.22G   0.01724  0.002555         0    0.0198        27      1024    0.8395     0.749    0.8153    0.3067   0.06307   0.01943         0
    33/199     3.22G   0.01679  0.002506         0    0.0193        22      1024    0.8577    0.7566    0.8155    0.2969   0.06333   0.01865         0
    34/199     3.22G   0.01632  0.002561         0   0.01888        15      1024    0.8401    0.7997    0.8447    0.3429   0.06269   0.01774         0
    35/199     3.22G   0.01762  0.002463         0   0.02008        31      1024    0.8555    0.7985    0.8458    0.3402   0.06282   0.01824         0
    36/199     3.22G   0.01875    0.0025         0   0.02125        23      1024    0.8928     0.763    0.8518    0.3388   0.06275   0.01733         0
    37/199     3.23G   0.01568  0.002565         0   0.01825        19      1024      0.85    0.7706    0.8357    0.3199   0.06344   0.01874         0
    38/199     3.23G   0.01779  0.002426         0   0.02022        13      1024    0.8357    0.7997    0.8397    0.3349   0.06301   0.01792         0
    39/199     3.23G   0.01579  0.002528         0   0.01832        36      1024     0.887    0.7863    0.8512    0.3552   0.06275   0.01757         0
    40/199     3.23G   0.01718  0.002618         0    0.0198        14      1024    0.8458    0.7993    0.8462    0.3381   0.06284   0.01829         0
    41/199     3.23G   0.01773  0.002402         0   0.02013        36      1024    0.8587    0.8023    0.8534     0.359   0.06258   0.01773         0
    42/199     3.23G   0.01587  0.002375         0   0.01825        28      1024    0.8331    0.8188    0.8502    0.3346   0.06283   0.01723         0
    43/199     3.23G   0.01709  0.002493         0   0.01958        19      1024    0.8756    0.7769     0.838    0.3442    0.0629   0.01752         0
    44/199     3.23G   0.01713  0.002476         0   0.01961        15      1024    0.8758    0.8175    0.8605    0.3439   0.06265   0.01857         0
    45/199     3.23G    0.0178  0.002465         0   0.02026        21      1024    0.8853     0.783    0.8558    0.3358   0.06302    0.0178         0
    46/199     3.23G   0.01683   0.00248         0   0.01931        29      1024    0.8943    0.7845    0.8637     0.355   0.06242   0.01724         0
    47/199     3.23G   0.01576  0.002359         0   0.01812        13      1024    0.8713    0.8067    0.8705    0.3501   0.06265   0.01681         0
    48/199     3.23G   0.01691  0.002432         0   0.01935        14      1024    0.8738     0.816     0.864    0.3701    0.0624   0.01769         0
    49/199     3.23G   0.01535  0.002418         0   0.01777        24      1024    0.8883    0.7972    0.8584    0.3667   0.06251    0.0168         0
    50/199     3.23G   0.01556  0.002412         0   0.01798        27      1024    0.8968     0.782    0.8568    0.3513   0.06259   0.01768         0
    51/199     3.23G   0.01614  0.002404         0   0.01854        43      1024    0.8879    0.7934    0.8601     0.359   0.06263   0.01683         0
    52/199     3.23G   0.01711  0.002469         0   0.01958        27      1024    0.8465    0.8248    0.8628    0.3747   0.06243    0.0169         0
    53/199     3.23G   0.01508  0.002401         0   0.01748        41      1024    0.8695    0.8074    0.8546    0.3605   0.06257   0.01775         0
    54/199     3.23G   0.01676  0.002417         0   0.01917        34      1024    0.8836    0.7983    0.8625    0.3611   0.06254    0.0177         0
    55/199     3.24G   0.01575  0.002286         0   0.01803        17      1024    0.8761    0.7896    0.8528     0.366   0.06258   0.01752         0
    56/199     3.24G    0.0157  0.002384         0   0.01809        20      1024    0.8885    0.7981    0.8687    0.3711   0.06233    0.0169         0
    57/199     3.24G   0.01545   0.00231         0   0.01776        27      1024    0.8291    0.8061    0.8363    0.3542   0.06255   0.01737         0
    58/199     3.24G   0.01733  0.002289         0   0.01962        21      1024    0.8748    0.8148    0.8617    0.3719   0.06223   0.01607         0
    59/199     3.24G    0.0166  0.002449         0   0.01905        22      1024    0.8722    0.7957    0.8559    0.3676   0.06241   0.01672         0
    60/199     3.24G    0.0153  0.002351         0   0.01765        16      1024    0.9061    0.7719     0.856    0.3567   0.06224   0.01759         0
    61/199     3.24G   0.01718  0.002451         0   0.01963        26      1024    0.8807     0.815    0.8697    0.3715   0.06209   0.01754         0
    62/199     3.24G   0.01543  0.002344         0   0.01778        37      1024    0.8369    0.8195    0.8544    0.3644   0.06227   0.01721         0
    63/199     3.24G   0.01542   0.00248         0    0.0179        32      1024    0.8444    0.8226    0.8607    0.3632   0.06234   0.01697         0
    64/199     3.24G   0.01533  0.002301         0   0.01763        10      1024    0.8433    0.8175    0.8607    0.3697   0.06214   0.01804         0
    65/199     3.24G   0.01615  0.002398         0   0.01855        30      1024     0.889    0.8086    0.8736    0.3767   0.06229   0.01727         0
    66/199     3.24G   0.01641  0.002384         0    0.0188        25      1024    0.8564     0.801    0.8544    0.3782   0.06212   0.01727         0
    67/199     3.24G   0.01579  0.002351         0   0.01814        13      1024    0.8673    0.8226    0.8672    0.3674   0.06221    0.0174         0
    68/199     3.24G   0.01749  0.002361         0   0.01985        16      1024    0.8673    0.8124    0.8634    0.3798   0.06222   0.01687         0
    69/199     3.24G   0.01558   0.00246         0   0.01804        31      1024    0.8644    0.8322    0.8819    0.3896    0.0619   0.01658         0
    70/199     3.24G    0.0169  0.002283         0   0.01918        47      1024    0.8592    0.8198    0.8689    0.3756   0.06213   0.01669         0
    71/199     3.24G   0.01611   0.00234         0   0.01845        40      1024    0.8829    0.8221    0.8731    0.3797   0.06201   0.01705         0
    72/199     3.24G    0.0154  0.002387         0   0.01779        27      1024    0.8623    0.8098    0.8553    0.3733   0.06204   0.01748         0
    73/199     3.24G   0.01507  0.002317         0   0.01739        19      1024    0.8848    0.8275    0.8746    0.3766   0.06215   0.01675         0
    74/199     3.24G   0.01561  0.002366         0   0.01798        20      1024    0.8933    0.8314    0.8807    0.3824   0.06206   0.01695         0
    75/199     3.24G   0.01579  0.002306         0    0.0181        28      1024    0.8773    0.8112     0.873    0.3712   0.06214   0.01704         0
    76/199     3.24G   0.01489  0.002329         0   0.01722        28      1024    0.8924    0.8099    0.8726    0.3823   0.06195   0.01684         0
    77/199     3.24G    0.0151  0.002325         0   0.01743        34      1024     0.886    0.8188     0.873    0.3752   0.06205   0.01722         0
    78/199     3.24G   0.01631  0.002382         0    0.0187        17      1024    0.9049    0.8327    0.8859    0.3883   0.06196   0.01662         0
    79/199     3.24G   0.01524  0.002447         0   0.01768        25      1024    0.8796    0.8175    0.8703    0.3832   0.06198    0.0165         0
    80/199     3.24G   0.01603   0.00225         0   0.01828        21      1024    0.8839    0.8035    0.8614    0.3746   0.06211   0.01662         0
    81/199     3.24G   0.01619  0.002288         0   0.01848        21      1024    0.8881    0.8188    0.8823    0.3675    0.0623   0.01649         0
    82/199     3.24G   0.01549  0.002409         0    0.0179        24      1024    0.8816    0.8213    0.8707    0.3785   0.06204   0.01797         0
    83/199     3.24G     0.015  0.002408         0    0.0174        17      1024    0.8793    0.8504    0.8817    0.3858    0.0622   0.01703         0
    84/199     3.24G   0.01845  0.002398         0   0.02084        42      1024    0.8953    0.8348    0.8849    0.3873   0.06211   0.01719         0
    85/199     3.24G   0.01471  0.002277         0   0.01699        37      1024    0.9038    0.8099    0.8697    0.3865   0.06184   0.01706         0
    86/199     3.24G   0.01515  0.002346         0   0.01749        24      1024    0.9004    0.8135    0.8739     0.385   0.06192   0.01701         0
    87/199     3.24G   0.01681  0.002403         0   0.01921        19      1024    0.8919    0.8124    0.8762    0.3818   0.06191   0.01699         0
    88/199     3.24G   0.01546  0.002346         0   0.01781        34      1024    0.8997    0.8302    0.8863    0.3716   0.06209   0.01696         0
    89/199     3.24G    0.0151  0.002335         0   0.01743         8      1024     0.873    0.8275    0.8801    0.3727   0.06205   0.01662         0
    90/199     3.24G   0.01564  0.002408         0   0.01805        35      1024    0.8937     0.815     0.875    0.3867    0.0619   0.01693         0
    91/199     3.24G    0.0161   0.00226         0   0.01836        22      1024    0.9104    0.8378    0.8851    0.3759   0.06197   0.01655         0
    92/199     3.24G   0.01598  0.002313         0    0.0183        23      1024    0.8922    0.8289    0.8796    0.3725   0.06188   0.01654         0
    93/199     3.24G   0.01518  0.002393         0   0.01757        24      1024     0.896    0.8188    0.8715    0.3802   0.06174   0.01655         0
    94/199     3.24G     0.015  0.002293         0   0.01729        17      1024    0.8852    0.8209      0.87    0.3884   0.06184   0.01669         0
    95/199     3.24G   0.01668  0.002262         0   0.01894        28      1024    0.8795    0.8326    0.8737    0.3891   0.06176   0.01703         0
    96/199     3.24G   0.01492  0.002247         0   0.01717        31      1024     0.887    0.8188    0.8706    0.3692   0.06181   0.01705         0
    97/199     3.24G   0.01464  0.002306         0   0.01695        33      1024    0.8776     0.801    0.8707    0.3747   0.06182   0.01692         0
    98/199     3.24G   0.01584  0.002344         0   0.01818        24      1024    0.8939    0.8264    0.8815    0.3862   0.06189   0.01662         0
    99/199     3.24G   0.01584  0.002316         0   0.01815        28      1024    0.8746    0.8396    0.8802    0.3838   0.06167   0.01698         0
   100/199     3.24G   0.01504  0.002316         0   0.01736        40      1024    0.8981    0.8263    0.8851    0.3831   0.06161   0.01649         0
   101/199     3.24G   0.01425   0.00234         0   0.01659        26      1024    0.9115    0.8099    0.8851    0.3816   0.06173   0.01692         0
   102/199     3.24G   0.01606  0.002395         0   0.01846        20      1024    0.9136    0.8313    0.8939    0.3843   0.06171    0.0171         0
   103/199     3.24G   0.01455  0.002259         0   0.01681        36      1024    0.9094    0.8302    0.8881    0.3944   0.06153   0.01639         0
   104/199     3.24G   0.01636  0.002329         0   0.01869        14      1024    0.8689    0.8504    0.8821    0.3848   0.06163   0.01641         0
   105/199     3.24G   0.01645  0.002351         0    0.0188        22      1024    0.8949    0.8199    0.8801     0.382   0.06185   0.01665         0
   106/199     3.24G   0.01553  0.002231         0   0.01776        20      1024    0.8777    0.8549    0.8974    0.3955   0.06149   0.01658         0
   107/199     3.24G   0.01458  0.002299         0   0.01688        23      1024    0.8701    0.8593    0.8915    0.3935   0.06154   0.01639         0
   108/199     3.24G    0.0149  0.002265         0   0.01717        22      1024    0.8915    0.8264    0.8889    0.3926   0.06153   0.01656         0
   109/199     3.24G   0.01453  0.002345         0   0.01687        30      1024    0.8735    0.8489    0.8817    0.3898   0.06152   0.01617         0
   110/199     3.24G   0.01455  0.002221         0   0.01677        28      1024    0.9091    0.8137    0.8878    0.3893   0.06158   0.01681         0
   111/199     3.24G   0.01537  0.002391         0   0.01776        27      1024    0.8758    0.8428    0.8793    0.3992   0.06143   0.01607         0
   112/199     3.24G   0.01443  0.002303         0   0.01673        32      1024    0.8782    0.8327    0.8829    0.3952   0.06153   0.01636         0
   113/199     3.24G   0.01541  0.002314         0   0.01772        19      1024     0.883    0.8327    0.8845    0.3878   0.06145    0.0168         0
   114/199     3.24G   0.01346  0.002256         0   0.01572        15      1024    0.9082    0.8276    0.8882    0.4012   0.06141   0.01666         0
   115/199     3.24G   0.01448  0.002246         0   0.01673        23      1024    0.8983    0.8512    0.8957    0.3956   0.06145   0.01616         0
   116/199     3.24G   0.01418  0.002272         0   0.01645        19      1024    0.9018    0.8618    0.9026     0.399    0.0615   0.01597         0
   117/199     3.24G   0.01456  0.002251         0   0.01681        24      1024    0.8851    0.8707    0.8967    0.3919   0.06143   0.01655         0
   118/199     3.24G   0.01568  0.002306         0   0.01799        27      1024    0.8755    0.8554    0.8899    0.3883   0.06154   0.01668         0
   119/199     3.24G   0.01614  0.002288         0   0.01842        32      1024     0.892    0.8619    0.8988    0.3922   0.06139    0.0165         0
   120/199     3.24G   0.01538  0.002194         0   0.01757        34      1024    0.8623    0.8732    0.8932    0.3817   0.06168   0.01652         0
   121/199     3.24G   0.01535  0.002272         0   0.01763        46      1024    0.9059    0.8299    0.8793    0.3841   0.06146   0.01698         0
   122/199     3.24G   0.01516  0.002266         0   0.01743        12      1024    0.9152     0.834    0.8906     0.389   0.06152   0.01652         0
   123/199     3.24G   0.01667  0.002248         0   0.01892        23      1024    0.9307    0.8174    0.8919    0.3943   0.06155   0.01627         0
   124/199     3.24G   0.01451  0.002343         0   0.01685        17      1024    0.8767    0.8568    0.8928    0.3928   0.06139   0.01622         0
   125/199     3.24G   0.01631  0.002237         0   0.01855        28      1024    0.8877    0.8517      0.89    0.3935   0.06142   0.01648         0
   126/199     3.24G   0.01702   0.00224         0   0.01926        26      1024     0.891    0.8389    0.8821     0.397   0.06142   0.01659         0
   127/199     3.24G   0.01421  0.002181         0   0.01639        30      1024    0.8996    0.8402    0.8864     0.385   0.06138   0.01638         0
   128/199     3.24G   0.01577  0.002205         0   0.01797        22      1024    0.8772    0.8542    0.8899    0.3978   0.06133   0.01631         0
   129/199     3.24G   0.01604  0.002324         0   0.01837        35      1024    0.9237    0.8286    0.8982    0.3953   0.06124   0.01596         0
   130/199     3.24G   0.01417  0.002334         0    0.0165        40      1024    0.8786    0.8528    0.8864    0.3931   0.06142   0.01629         0
   131/199     3.24G   0.01459  0.002371         0   0.01696        19      1024     0.876    0.8682    0.8927    0.3969   0.06135   0.01644         0
   132/199     3.24G   0.01562  0.002384         0     0.018        40      1024    0.9064    0.8238    0.8895       0.4   0.06125   0.01638         0
   133/199     3.24G   0.01488  0.002336         0   0.01722        31      1024    0.8905    0.8555    0.8898    0.3973   0.06131   0.01641         0
   134/199     3.24G   0.01465  0.002285         0   0.01693        36      1024    0.9181    0.8237    0.8855    0.4003    0.0613   0.01632         0
   135/199     3.24G   0.01532  0.002295         0   0.01761        35      1024    0.8971    0.8402    0.8932    0.3936   0.06134   0.01652         0
   136/199     3.24G   0.01636    0.0023         0   0.01866        32      1024    0.8874    0.8593    0.8922    0.4049   0.06127   0.01627         0
   137/199     3.24G   0.01402   0.00226         0   0.01628        17      1024    0.8814     0.858    0.8943    0.4001    0.0614   0.01635         0
   138/199     3.24G   0.01511  0.002194         0    0.0173        15      1024    0.8783    0.8691    0.8902    0.3949   0.06136   0.01673         0
   139/199     3.24G   0.01427  0.002308         0   0.01658        30      1024    0.8719    0.8631    0.8904    0.3863   0.06129   0.01657         0
   140/199     3.24G   0.01501  0.002323         0   0.01733        27      1024    0.8945     0.839    0.8892    0.3982    0.0613   0.01613         0
   141/199     3.24G   0.01612  0.002158         0   0.01828        23      1024    0.8972    0.8411    0.8894    0.3974   0.06139   0.01633         0
   142/199     3.24G   0.01469  0.002308         0     0.017        20      1024    0.9209    0.8263    0.8953     0.399   0.06132   0.01635         0
   143/199     3.24G   0.01471  0.002233         0   0.01694        27      1024    0.9052    0.8365    0.8922    0.3954   0.06129   0.01606         0
   144/199     3.24G   0.01457  0.002225         0   0.01679        18      1024    0.9112    0.8327    0.8907    0.3951   0.06124   0.01629         0
   145/199     3.24G   0.01357  0.002261         0   0.01583        23      1024    0.8805    0.8695    0.8981       0.4   0.06127   0.01618         0
   146/199     3.24G   0.01579  0.002203         0   0.01799        28      1024    0.9223    0.8289    0.8965    0.4063   0.06119   0.01614         0
   147/199     3.24G   0.01553  0.002202         0   0.01773        39      1024    0.9001    0.8567    0.9039    0.4006   0.06118   0.01637         0
   148/199     3.24G   0.01487   0.00234         0    0.0172        33      1024    0.9046    0.8416    0.8977    0.4002   0.06126   0.01628         0
   149/199     3.24G   0.01527  0.002342         0   0.01761        30      1024    0.9064     0.839    0.8921     0.398   0.06128    0.0164         0
   150/199     3.24G   0.01426  0.002245         0    0.0165        25      1024    0.8821    0.8542    0.8891    0.4018   0.06126   0.01664         0
   151/199     3.24G   0.01531   0.00225         0   0.01756        13      1024    0.9259    0.8236    0.8949    0.3993   0.06131   0.01628         0
   152/199     3.24G   0.01404  0.002131         0   0.01617        24      1024    0.9154    0.8365    0.8976     0.402    0.0613   0.01624         0
   153/199     3.24G   0.01526  0.002248         0    0.0175        24      1024    0.9065    0.8605     0.905     0.403   0.06115   0.01649         0
   154/199     3.24G   0.01602  0.002239         0   0.01825        13      1024    0.9078    0.8492     0.899    0.3968   0.06123   0.01629         0
   155/199     3.24G   0.01556  0.002121         0   0.01768        21      1024    0.8895    0.8567    0.8946    0.4016   0.06119   0.01616         0
   156/199     3.24G   0.01442  0.002145         0   0.01657        14      1024    0.8988    0.8568    0.8982    0.3998   0.06123   0.01633         0
   157/199     3.24G   0.01457  0.002236         0    0.0168        13      1024    0.9178     0.839    0.8986    0.3995   0.06131   0.01624         0
   158/199     3.24G   0.01598  0.002071         0   0.01805        26      1024    0.9035    0.8425    0.8921    0.4032   0.06118   0.01633         0
   159/199     3.24G   0.01416   0.00217         0   0.01633        43      1024    0.9048     0.855    0.9004    0.4046   0.06118   0.01632         0
   160/199     3.24G   0.01352  0.002271         0   0.01579        24      1024    0.9032    0.8517     0.896    0.3978   0.06123   0.01656         0
   161/199     3.24G   0.01421  0.002203         0   0.01642        16      1024    0.9131    0.8388    0.8948    0.4005    0.0613   0.01636         0
   162/199     3.24G   0.01418  0.002215         0   0.01639        15      1024    0.9269    0.8197    0.8905    0.3995   0.06123   0.01651         0
   163/199     3.24G   0.01421  0.002213         0   0.01642        22      1024    0.9134    0.8427    0.8993    0.4006   0.06121   0.01643         0
   164/199     3.24G     0.014  0.002224         0   0.01623        35      1024    0.9306    0.8326    0.8989    0.3954   0.06129   0.01638         0
   165/199     3.24G   0.01371  0.002203         0   0.01592        21      1024    0.8949    0.8428    0.8962    0.4006   0.06118   0.01615         0
   166/199     3.24G   0.01535  0.002344         0    0.0177        34      1024    0.8976    0.8441    0.8921    0.4107   0.06118   0.01577         0
   167/199     3.24G   0.01544  0.002258         0    0.0177        28      1024     0.911    0.8441       0.9    0.4086   0.06116   0.01611         0
   168/199     3.24G   0.01657  0.002238         0   0.01881        26      1024    0.8855    0.8733    0.9053    0.4027   0.06117   0.01617         0
   169/199     3.24G   0.01435  0.002222         0   0.01657        20      1024    0.9116    0.8517    0.9066    0.3981   0.06124   0.01623         0
   170/199     3.24G   0.01582  0.002253         0   0.01807        24      1024    0.9164    0.8479    0.9069    0.4046    0.0612   0.01601         0
   171/199     3.24G   0.01541   0.00227         0   0.01768        19      1024    0.8904    0.8657    0.9001    0.4019   0.06124   0.01605         0
   172/199     3.24G   0.01566  0.002223         0   0.01788        20      1024    0.8837    0.8669    0.8966    0.4078   0.06115   0.01613         0
   173/199     3.24G   0.01453  0.002188         0   0.01672        11      1024    0.8934    0.8602    0.8991    0.4037   0.06121   0.01621         0
   174/199     3.24G   0.01379  0.002241         0   0.01603        24      1024    0.9182    0.8264    0.8904    0.4056   0.06117   0.01619         0
   175/199     3.24G   0.01478  0.002176         0   0.01695        30      1024    0.9045    0.8401    0.8912    0.4045   0.06124   0.01596         0
   176/199     3.24G   0.01546  0.002191         0   0.01765        17      1024    0.8925    0.8555    0.8963    0.4056   0.06111   0.01596         0
   177/199     3.24G    0.0162  0.002263         0   0.01846        27      1024    0.8956    0.8492    0.8915    0.4025   0.06114   0.01623         0
   178/199     3.24G   0.01564  0.002263         0    0.0179        15      1024    0.9025     0.858    0.9012    0.4102   0.06116   0.01618         0
   179/199     3.24G   0.01463  0.002239         0   0.01687        19      1024    0.9039    0.8466     0.898    0.4042   0.06118   0.01621         0
   180/199     3.24G   0.01601  0.002269         0   0.01828        27      1024    0.9156    0.8389    0.8973     0.402    0.0612    0.0161         0
   181/199     3.24G   0.01354  0.002261         0    0.0158        17      1024    0.9169    0.8428    0.9027    0.4052   0.06116    0.0163         0
   182/199     3.24G   0.01534  0.002225         0   0.01757        36      1024    0.8983    0.8542    0.8948    0.4033   0.06117   0.01606         0
   183/199     3.24G   0.01444  0.002274         0   0.01671        29      1024    0.9114    0.8479    0.9001    0.4034   0.06117   0.01631         0
   184/199     3.24G   0.01395   0.00218         0   0.01613        33      1024    0.9053    0.8478    0.8991     0.401   0.06124   0.01602         0
   185/199     3.24G   0.01298  0.002134         0   0.01512        24      1024    0.9304      0.83    0.8999    0.4022   0.06119   0.01624         0
   186/199     3.24G   0.01455  0.002118         0   0.01667        21      1024    0.9246    0.8238    0.8922    0.4047   0.06115    0.0162         0
   187/199     3.24G   0.01381  0.002277         0   0.01609        26      1024    0.9178    0.8378    0.8974    0.3996   0.06117   0.01601         0
   188/199     3.24G   0.01416  0.002213         0   0.01637        38      1024    0.9231    0.8365    0.8994    0.4034   0.06119   0.01599         0
   189/199     3.24G   0.01305  0.002117         0   0.01517        21      1024    0.9227    0.8323    0.8978    0.4031   0.06115   0.01629         0
   190/199     3.24G   0.01437  0.002135         0   0.01651        26      1024     0.917    0.8416    0.8985    0.3968   0.06115   0.01626         0
   191/199     3.24G   0.01587  0.002149         0   0.01802        34      1024    0.9245    0.8376    0.8965    0.3996   0.06111   0.01622         0
   192/199     3.24G   0.01534  0.002211         0   0.01755        18      1024    0.9194     0.839    0.8986    0.4019    0.0611   0.01614         0
   193/199     3.24G   0.01518  0.002197         0   0.01738        16      1024    0.9214     0.834    0.8973    0.3991   0.06114   0.01613         0
   194/199     3.24G   0.01436  0.002165         0   0.01653        27      1024    0.9108    0.8352    0.8936    0.3956   0.06121   0.01621         0
   195/199     3.24G   0.01517  0.002238         0   0.01741        34      1024    0.9221    0.8403    0.9038    0.3992   0.06117   0.01633         0
   196/199     3.24G    0.0156  0.002174         0   0.01778        16      1024    0.9131     0.839    0.8978    0.3982   0.06119   0.01619         0
   197/199     3.24G   0.01548  0.002256         0   0.01773        19      1024      0.91    0.8462    0.8984     0.403   0.06123    0.0159         0
   198/199     3.24G   0.01412   0.00225         0   0.01637        30      1024     0.911    0.8437     0.899    0.4026   0.06112    0.0159         0
   199/199     3.24G   0.01382  0.002275         0    0.0161        26      1024    0.9154    0.8501    0.9036    0.4058   0.06111   0.01598         0
