     0/299    0.271G   0.05301  0.009211         0   0.06222         2      1024 4.598e-05   0.00507 5.165e-07 1.076e-07     0.085   0.01835         0
     1/299    0.916G   0.03541   0.00232         0   0.03773         4      1024  0.001798   0.01014 0.0002625 4.855e-05   0.08164   0.02129         0
     2/299    0.931G   0.02888  0.002708         0   0.03159         5      1024  0.002391    0.2041 0.0007906 0.0001328   0.09693   0.02407         0
     3/299    0.946G   0.02688  0.002995         0   0.02988         6      1024  0.003389    0.0583 0.0002809 4.718e-05   0.09616   0.02504         0
     4/299     0.96G   0.02627  0.003038         0   0.02931         1      1024  0.002154   0.03929 0.0001021 1.788e-05   0.09647   0.02506         0
     5/299     0.96G   0.02564   0.00308         0   0.02872         2      1024  0.002723    0.3866  0.001882 0.0004248    0.1008   0.02273         0
     6/299     0.96G   0.02549  0.003014         0   0.02851         6      1024  0.002908    0.3181  0.001251 0.0002329    0.1013   0.02332         0
     7/299     0.96G   0.02517  0.003103         0   0.02828         4      1024  0.003693   0.06717  0.002624 0.0005986    0.1011   0.02468         0
     8/299    0.963G   0.02529  0.003015         0   0.02831         0      1024  0.006236   0.02155  0.001984 0.0003283    0.1001   0.02497         0
     9/299    0.965G   0.02508  0.003224         0    0.0283         6      1024  0.007817   0.03422  0.002292 0.0004314   0.09952   0.02548         0
    10/299    0.965G   0.02497  0.003198         0   0.02817         2      1024   0.02543    0.1356   0.01148  0.002594   0.09893   0.02628         0
    11/299    0.965G   0.02428  0.003332         0   0.02761         3      1024   0.05226    0.1331   0.02438  0.005285   0.09628   0.02691         0
    12/299    0.965G     0.024  0.003522         0   0.02752         2      1024    0.1374    0.1381   0.05876   0.01483   0.09496   0.02871         0
    13/299    0.965G    0.0232  0.003616         0   0.02682         1      1024   0.09228    0.1686   0.04706   0.01133   0.09405   0.02928         0
    14/299    0.965G   0.02138  0.003411         0   0.02479         4      1024    0.1412    0.1698   0.07051   0.01926   0.09396   0.02887         0
    15/299    0.965G   0.02259  0.003495         0   0.02609         5      1024    0.2119    0.1629   0.09869   0.02553   0.09276   0.02753         0
    16/299    0.965G    0.0224  0.003348         0   0.02574         6      1024    0.2173    0.2142    0.1239   0.03514    0.0933   0.02633         0
    17/299    0.965G   0.02251  0.003339         0   0.02585         0      1024    0.2982    0.2193    0.1479   0.04139   0.09257   0.02683         0
    18/299    0.965G    0.0215  0.003199         0    0.0247         2      1024    0.2126      0.18   0.09759    0.0242   0.09319   0.02811         0
    19/299    0.965G   0.02225  0.003423         0   0.02567         2      1024    0.3352     0.253    0.1833   0.04959   0.08971   0.02664         0
    20/299    0.965G    0.0217  0.003392         0   0.02509         3      1024    0.3877    0.2548    0.1906   0.05178   0.08063    0.0263         0
    21/299    0.965G   0.02172  0.003389         0   0.02511         3      1024    0.4163      0.27    0.2173   0.05622   0.08235   0.02555         0
    22/299    0.965G   0.02135  0.003343         0   0.02469         5      1024    0.4031    0.2902    0.2255   0.06324   0.07658   0.02534         0
    23/299    0.975G   0.02125  0.003249         0    0.0245         4      1024    0.3474    0.2586    0.1927   0.05099   0.07659   0.02749         0
    24/299     0.99G   0.02177  0.003398         0   0.02517         8      1024    0.4263      0.27    0.2105   0.06496   0.07748   0.02648         0
    25/299     0.99G   0.02061  0.003359         0   0.02396         0      1024    0.3985    0.2852    0.2264   0.06627   0.08266   0.02657         0
    26/299     0.99G   0.02005  0.003342         0   0.02339         3      1024    0.4376    0.2662    0.2143   0.06175    0.0839   0.02442         0
    27/299     0.99G   0.02055  0.003237         0   0.02378         7      1024    0.4269    0.3029     0.241   0.07526   0.08546   0.02648         0
    28/299     0.99G   0.02045  0.003166         0   0.02362         4      1024    0.5235    0.2801    0.2706   0.07971   0.08571   0.02464         0
    29/299     0.99G   0.02092  0.003163         0   0.02409         6      1024    0.5218    0.3067    0.2992    0.1009   0.08318   0.02445         0
    30/299     0.99G   0.02065  0.003215         0   0.02387         1      1024    0.4312    0.3219    0.2624   0.07619   0.08547   0.02538         0
    31/299     0.99G    0.0198  0.003216         0   0.02302         3      1024      0.48    0.3381    0.2901   0.09135    0.0835   0.02403         0
    32/299     0.99G   0.01991  0.003383         0   0.02329         5      1024     0.458    0.3257    0.2773   0.08287   0.07701   0.02365         0
    33/299     0.99G   0.02042  0.003275         0    0.0237         6      1024    0.4479    0.3397    0.2835   0.08969   0.08388   0.02471         0
    34/299     0.99G   0.01971  0.003313         0   0.02302        10      1024    0.4681    0.3638    0.3009   0.09031   0.08102   0.02347         0
    35/299     0.99G   0.01948  0.003183         0   0.02267         0      1024    0.4882    0.3409     0.291   0.09191   0.08472   0.02486         0
    36/299     0.99G   0.01999   0.00327         0   0.02327         6      1024    0.4171    0.2864    0.2374   0.06505   0.07626    0.0238         0
    37/299     0.99G    0.0209  0.003353         0   0.02426         5      1024    0.4663    0.3397    0.2974    0.0993   0.08265   0.02512         0
    38/299     0.99G   0.02035   0.00327         0   0.02362         1      1024     0.438     0.346    0.2829   0.09301   0.07629   0.02592         0
    39/299     0.99G   0.02099  0.003175         0   0.02416         1      1024     0.537    0.3499    0.3277   0.09654   0.06655   0.02525         0
    40/299     0.99G   0.02063  0.003181         0   0.02381         4      1024     0.542    0.3314    0.3124   0.09786   0.06651   0.02484         0
    41/299     0.99G    0.0197  0.003187         0   0.02289         5      1024    0.4572    0.3954    0.3373     0.101   0.06625   0.02415         0
    42/299     0.99G   0.01974  0.003379         0   0.02312         4      1024    0.6012    0.3536    0.3524    0.1149   0.06576   0.02395         0
    43/299     0.99G   0.01967  0.003179         0   0.02285         1      1024    0.4969     0.368    0.3182    0.1134    0.0662   0.02386         0
    44/299     0.99G    0.0201  0.003193         0   0.02329        11      1024    0.5023    0.3544    0.3252   0.09951   0.06687   0.02413         0
    45/299     0.99G   0.01997  0.003264         0   0.02324         4      1024    0.5754    0.3587    0.3455    0.1049   0.06614   0.02361         0
    46/299     0.99G   0.02023  0.003101         0   0.02333         5      1024    0.4787    0.3561    0.3164       0.1   0.06661   0.02376         0
    47/299     0.99G   0.01924   0.00318         0   0.02242         0      1024    0.5969    0.3498    0.3531    0.1111    0.0662   0.02335         0
    48/299     0.99G   0.01935  0.003346         0    0.0227         0      1024     0.622    0.3384    0.3506    0.1247   0.06656   0.02445         0
    49/299     0.99G   0.01981  0.003187         0     0.023         1      1024    0.5723    0.3701    0.3666    0.1231   0.06615   0.02344         0
    50/299     0.99G   0.02033  0.003195         0   0.02352        12      1024    0.5254    0.3886     0.353    0.1151   0.06623   0.02339         0
    51/299     0.99G   0.02025  0.003232         0   0.02349         6      1024    0.5299    0.3688    0.3537    0.1082   0.06617   0.02371         0
    52/299     0.99G   0.01925  0.003237         0   0.02248         6      1024    0.5321    0.3675    0.3389    0.1054   0.06669   0.02367         0
    53/299     0.99G   0.01978  0.003194         0   0.02297         0      1024     0.587     0.379    0.3845     0.125   0.06634    0.0242         0
    54/299     0.99G   0.01983  0.003193         0   0.02302         5      1024    0.5846     0.346    0.3231    0.1093   0.06644   0.02448         0
    55/299     0.99G   0.02007   0.00304         0   0.02311         9      1024    0.6265    0.3726     0.379    0.1383   0.06577   0.02388         0
    56/299     0.99G   0.01981  0.003084         0    0.0229         4      1024    0.5686    0.3777    0.3544    0.1211   0.06638   0.02367         0
    57/299     0.99G   0.01997  0.003122         0   0.02309         5      1024    0.5503    0.4132    0.3909    0.1352   0.06582   0.02349         0
    58/299     0.99G    0.0204   0.00317         0   0.02357         0      1024    0.6839    0.3625     0.389    0.1302   0.06637    0.0232         0
    59/299     0.99G    0.0193  0.003067         0   0.02237        10      1024     0.596    0.3764     0.378     0.138   0.06591   0.02337         0
    60/299     0.99G   0.01975  0.003147         0   0.02289         0      1024    0.5503    0.4119    0.3927    0.1398   0.06628   0.02311         0
    61/299     0.99G   0.01971  0.003179         0   0.02289         6      1024    0.6193    0.3828    0.4026    0.1446   0.06636   0.02265         0
    62/299     0.99G   0.01949  0.003095         0   0.02259         2      1024    0.6087    0.3752    0.3886    0.1427   0.06606   0.02341         0
    63/299     0.99G   0.01918  0.003051         0   0.02223         4      1024    0.5461    0.3965     0.383    0.1407   0.06619    0.0229         0
    64/299     0.99G   0.01885  0.003147         0     0.022         4      1024    0.5881    0.3688    0.3632    0.1265   0.06677   0.02311         0
    65/299     0.99G    0.0193  0.003115         0   0.02242         7      1024    0.6138    0.3878     0.389    0.1469   0.06646   0.02392         0
    66/299     0.99G   0.01977  0.002944         0   0.02272         3      1024    0.4811    0.4005    0.3586   0.09637   0.06632   0.02425         0
    67/299     0.99G    0.0198   0.00301         0   0.02281         2      1024    0.6023    0.4018    0.3993    0.1437   0.06566   0.02358         0
    68/299     0.99G   0.01892  0.003233         0   0.02215         4      1024    0.6106    0.4081    0.4158    0.1472    0.0656   0.02277         0
    69/299     0.99G   0.01881   0.00312         0   0.02193         0      1024    0.6714    0.3752    0.4142    0.1398   0.06673   0.02206         0
    70/299     0.99G   0.01883  0.003115         0   0.02195         3      1024    0.6101    0.4026    0.3988    0.1303   0.06564   0.02341         0
    71/299     0.99G   0.01969  0.003117         0   0.02281         3      1024    0.6385    0.3828    0.4008     0.133   0.06623   0.02309         0
    72/299     0.99G   0.02009   0.00297         0   0.02306         6      1024    0.5317    0.4144    0.3734    0.1212   0.06661   0.02361         0
    73/299     0.99G   0.01925  0.003074         0   0.02233         4      1024     0.589    0.4043    0.4045    0.1409   0.06596   0.02284         0
    74/299     0.99G     0.019  0.003174         0   0.02217         4      1024    0.6059    0.4189    0.4162    0.1474   0.06614   0.02193         0
    75/299     0.99G   0.01946  0.003047         0    0.0225         3      1024    0.5813    0.4363    0.4379    0.1523   0.06611   0.02245         0
    76/299     0.99G   0.01876  0.002984         0   0.02175         1      1024    0.6258    0.3954    0.4156    0.1509   0.06598   0.02263         0
    77/299     0.99G   0.01861  0.003162         0   0.02177         0      1024    0.6429    0.3902    0.4238     0.155   0.06577   0.02358         0
    78/299     0.99G   0.01875  0.003181         0   0.02193         3      1024    0.6069    0.3777    0.3996    0.1465   0.06643   0.02184         0
    79/299     0.99G   0.01877   0.00304         0   0.02181         4      1024    0.5754    0.4246    0.4102    0.1427   0.06585   0.02287         0
    80/299     0.99G   0.01879  0.003099         0   0.02188         2      1024    0.6476    0.3878    0.4071     0.138   0.06678   0.02232         0
    81/299     0.99G   0.01854  0.003056         0   0.02159         2      1024    0.6268     0.398    0.4209    0.1377    0.0661   0.02213         0
    82/299     0.99G   0.01831  0.003139         0   0.02145         4      1024    0.5929    0.4322    0.4253    0.1397   0.06594   0.02289         0
    83/299     0.99G   0.01831  0.003012         0   0.02132         0      1024    0.6666    0.3954      0.42    0.1482    0.0655   0.02304         0
    84/299     0.99G   0.01839  0.003066         0   0.02146         4      1024    0.6273    0.4195    0.4268    0.1469    0.0656   0.02239         0
    85/299     0.99G   0.01944  0.003126         0   0.02256         9      1024    0.6071    0.4335    0.4362    0.1412   0.06515   0.02296         0
    86/299     0.99G   0.01918   0.00314         0   0.02232         8      1024    0.5664    0.4586    0.4297    0.1517   0.06542   0.02198         0
    87/299     0.99G   0.01854   0.00298         0   0.02152         3      1024    0.6224    0.4409    0.4428    0.1645    0.0656   0.02206         0
    88/299     0.99G   0.01878  0.003183         0   0.02196         3      1024    0.6673    0.3991    0.4149    0.1417   0.06529   0.02237         0
    89/299     0.99G   0.01892  0.003196         0   0.02212         9      1024    0.6251    0.4157    0.4269     0.156    0.0654   0.02288         0
    90/299     0.99G   0.01878  0.003052         0   0.02184         3      1024    0.6967    0.4105    0.4543    0.1533   0.06525   0.02242         0
    91/299     0.99G   0.01833  0.003007         0   0.02134         5      1024    0.6963    0.4195    0.4578    0.1713   0.06445   0.02306         0
    92/299     0.99G   0.01778  0.003042         0   0.02082         2      1024    0.6634    0.4233    0.4433    0.1568   0.06486   0.02277         0
    93/299     0.99G   0.01929  0.003003         0   0.02229         5      1024    0.6288    0.4132    0.4366    0.1581    0.0656   0.02326         0
    94/299     0.99G   0.01835  0.003125         0   0.02148         3      1024    0.6113    0.4537     0.456    0.1542   0.06539   0.02221         0
    95/299     0.99G   0.01812   0.00299         0   0.02111         0      1024    0.6171    0.4461    0.4466    0.1467    0.0655   0.02208         0
    96/299     0.99G   0.01831  0.003118         0   0.02143         8      1024    0.6951    0.4208    0.4553    0.1591   0.06533    0.0216         0
    97/299     1.02G    0.0188  0.003212         0   0.02201         0      1024    0.6425    0.4423      0.45    0.1544   0.06523   0.02279         0
    98/299     1.02G   0.01848  0.003042         0   0.02152         0      1024    0.6084    0.3942    0.3989     0.143   0.06566   0.02305         0
    99/299     1.02G   0.01858  0.003179         0   0.02176         3      1024    0.6797    0.4056    0.4424    0.1602   0.06509   0.02221         0
   100/299     1.02G   0.01838   0.00314         0   0.02152         0      1024    0.6665    0.3967    0.4258    0.1568   0.06575   0.02294         0
   101/299     1.02G   0.01843  0.003144         0   0.02157         5      1024    0.5964    0.4297    0.4169    0.1473   0.06536   0.02311         0
   102/299     1.02G   0.01875  0.003147         0   0.02189         3      1024    0.6016    0.4385    0.4376    0.1627   0.06513   0.02259         0
   103/299     1.02G   0.01837  0.003134         0   0.02151         4      1024    0.6707    0.4347    0.4561    0.1619   0.06512    0.0222         0
   104/299     1.02G   0.01849   0.00317         0   0.02166         0      1024    0.6165     0.398    0.4147    0.1469   0.06585   0.02341         0
   105/299     1.02G   0.01856  0.003136         0    0.0217         7      1024    0.6227    0.4449    0.4528    0.1599   0.06486   0.02238         0
   106/299     1.02G    0.0187  0.003136         0   0.02183         6      1024    0.6882    0.4398    0.4653    0.1585   0.06543   0.02253         0
   107/299     1.02G    0.0182  0.002997         0   0.02119         2      1024    0.6341    0.4482    0.4477    0.1596   0.06537   0.02217         0
   108/299     1.02G   0.01864  0.002977         0   0.02161         2      1024    0.6262    0.4398    0.4217    0.1447   0.06506   0.02262         0
   109/299     1.02G   0.01852  0.003128         0   0.02165         0      1024    0.6598     0.436    0.4458    0.1502   0.06515     0.022         0
   110/299     1.02G    0.0181  0.003177         0   0.02127         3      1024    0.6483    0.4373    0.4418    0.1646    0.0651   0.02289         0
   111/299     1.02G   0.01846  0.003152         0   0.02161         0      1024    0.5968    0.4487    0.4397    0.1466   0.06505   0.02229         0
   112/299     1.02G   0.01823  0.003098         0   0.02133         2      1024    0.6447    0.4246    0.4357    0.1513   0.06458   0.02313         0
   113/299     1.02G   0.01851   0.00314         0   0.02165         0      1024     0.682    0.3915    0.4335    0.1598   0.06503     0.023         0
   114/299     1.02G   0.01848  0.003304         0   0.02178         4      1024    0.6904    0.4144     0.442    0.1704   0.06451   0.02225         0
   115/299     1.02G   0.01865   0.00311         0   0.02176         9      1024    0.7179     0.436    0.4804    0.1722   0.06391    0.0224         0
   116/299     1.02G   0.01753  0.003163         0    0.0207         4      1024    0.6389    0.4484    0.4634    0.1688   0.06476    0.0223         0
   117/299     1.02G   0.01802  0.002904         0   0.02093         0      1024    0.5969    0.4753    0.4606    0.1593   0.06489   0.02214         0
   118/299     1.02G    0.0185  0.003083         0   0.02158         6      1024    0.5609    0.4712    0.4504    0.1642   0.06483    0.0222         0
   119/299     1.02G   0.01816   0.00301         0   0.02117         5      1024    0.5986    0.4253    0.4408    0.1668   0.06526   0.02269         0
   120/299     1.02G   0.01809  0.003056         0   0.02114         0      1024     0.644    0.4335    0.4477    0.1616   0.06514   0.02192         0
   121/299     1.02G   0.01812  0.003067         0   0.02119         0      1024    0.6745    0.4537     0.476    0.1754   0.06467   0.02229         0
   122/299     1.02G   0.01824  0.002996         0   0.02123         0      1024    0.6338    0.4496    0.4486    0.1728   0.06507   0.02182         0
   123/299     1.02G   0.01829  0.003215         0   0.02151         4      1024    0.6433    0.4728     0.479    0.1871   0.06439   0.02198         0
   124/299     1.02G   0.01828  0.003135         0   0.02142         3      1024    0.6152    0.4621    0.4684    0.1753    0.0644   0.02249         0
   125/299     1.02G   0.01786  0.003083         0   0.02094         4      1024    0.6778    0.4335    0.4747    0.1751   0.06458   0.02214         0
   126/299     1.02G   0.01788  0.003018         0    0.0209         6      1024     0.732    0.4259    0.4789    0.1803   0.06489   0.02289         0
   127/299     1.02G   0.01789  0.002996         0   0.02089         4      1024    0.6655    0.4398    0.4496    0.1619   0.06562   0.02231         0
   128/299     1.02G   0.01849  0.002987         0   0.02148         4      1024    0.6773    0.4259    0.4623    0.1572   0.06533    0.0216         0
   129/299     1.02G   0.01799  0.002997         0   0.02099         2      1024    0.7319    0.4347    0.4867    0.1704   0.06515   0.02149         0
   130/299     1.02G    0.0182  0.003081         0   0.02129         0      1024    0.6634    0.4423    0.4613    0.1604   0.06504   0.02231         0
   131/299     1.02G   0.01813  0.003145         0   0.02127         3      1024    0.6481    0.4459    0.4553    0.1734   0.06471   0.02208         0
   132/299     1.02G   0.01781   0.00305         0   0.02086         4      1024    0.6626    0.4563    0.4814    0.1773   0.06456   0.02248         0
   133/299     1.02G   0.01857  0.003095         0   0.02167         0      1024    0.6437    0.4397    0.4583    0.1637   0.06472   0.02174         0
   134/299     1.02G   0.01847  0.003105         0   0.02157         8      1024    0.6706    0.4233    0.4452    0.1704   0.06517   0.02237         0
   135/299     1.02G    0.0182  0.003116         0   0.02131         4      1024    0.5877    0.4778    0.4538    0.1727   0.06454   0.02221         0
   136/299     1.02G   0.01812  0.003052         0   0.02117         2      1024    0.6704    0.4537    0.4848    0.1873    0.0642   0.02244         0
   137/299     1.02G    0.0177  0.003087         0   0.02078         0      1024     0.659     0.463    0.4783    0.1872   0.06436   0.02175         0
   138/299     1.02G   0.01813  0.003036         0   0.02117         7      1024     0.681    0.4474    0.4837     0.177   0.06476   0.02286         0
   139/299     1.02G   0.01803  0.003042         0   0.02107         1      1024    0.6399    0.4595    0.4755     0.184   0.06466   0.02219         0
   140/299     1.02G   0.01783  0.003005         0   0.02083         3      1024    0.6441    0.4766     0.485    0.1743   0.06483   0.02235         0
   141/299     1.02G   0.01802  0.003117         0   0.02113         8      1024    0.6276     0.493    0.4975    0.1871    0.0645   0.02213         0
   142/299     1.02G   0.01821   0.00308         0   0.02129         2      1024     0.665    0.4373    0.4647    0.1754   0.06462   0.02312         0
   143/299     1.02G   0.01852  0.003065         0   0.02158         3      1024    0.6011    0.4689    0.4617    0.1716   0.06485   0.02226         0
   144/299     1.02G   0.01765  0.002806         0   0.02046         3      1024     0.695    0.4195     0.455    0.1718   0.06519    0.0227         0
   145/299     1.02G   0.01758  0.003041         0   0.02062         6      1024    0.7023    0.4373    0.4703    0.1646   0.06505   0.02272         0
   146/299     1.02G   0.01801  0.003041         0   0.02105         0      1024    0.6627    0.4563    0.4766    0.1669   0.06513    0.0222         0
   147/299     1.02G   0.01865  0.003029         0   0.02168         1      1024    0.6983    0.4233    0.4595    0.1689   0.06509   0.02237         0
   148/299     1.02G   0.01827  0.002908         0   0.02118         4      1024    0.6643     0.479    0.4892    0.1704   0.06521   0.02189         0
   149/299     1.02G   0.01788  0.003051         0   0.02093         4      1024    0.6574    0.4436     0.468    0.1773   0.06541    0.0221         0
   150/299     1.02G   0.01723  0.002953         0   0.02018         0      1024    0.6968     0.455    0.4886    0.1842   0.06499   0.02184         0
   151/299     1.02G   0.01778  0.002963         0   0.02074         4      1024    0.6642    0.4638    0.4834    0.1837   0.06498   0.02207         0
   152/299     1.02G   0.01782  0.003039         0   0.02086         2      1024    0.7182    0.4781    0.5244    0.1958   0.06445    0.0213         0
   153/299     1.02G   0.01801  0.002853         0   0.02086         4      1024    0.6879    0.4728    0.5044    0.1876   0.06502    0.0217         0
   154/299     1.02G   0.01785  0.002866         0   0.02072         4      1024    0.7083    0.4677    0.4956    0.1894   0.06488   0.02171         0
   155/299     1.02G   0.01851     0.003         0   0.02151         5      1024    0.6637    0.4842    0.5037    0.1879   0.06469   0.02205         0
   156/299     1.02G   0.01828  0.003106         0   0.02139        11      1024    0.6321    0.5052    0.5019    0.1934   0.06456   0.02179         0
   157/299     1.02G   0.01744   0.00295         0   0.02039         3      1024    0.6394    0.4905    0.4996    0.1967   0.06493   0.02108         0
   158/299     1.02G   0.01731  0.003066         0   0.02038         9      1024    0.7289    0.4575    0.5163    0.2004    0.0645   0.02126         0
   159/299     1.02G   0.01758  0.002997         0   0.02058         9      1024    0.6324    0.4778    0.4992    0.1982   0.06456   0.02184         0
   160/299     1.02G    0.0181  0.003068         0   0.02117        10      1024    0.6658    0.4842    0.5102    0.1935   0.06453   0.02152         0
   161/299     1.02G   0.01811  0.003075         0   0.02119         4      1024    0.6827    0.4499    0.4925    0.1935   0.06462   0.02129         0
   162/299     1.02G   0.01836  0.002987         0   0.02135         0      1024    0.7091    0.4448    0.4959    0.1983   0.06463   0.02124         0
   163/299     1.02G   0.01718  0.003147         0   0.02033         5      1024    0.6868    0.4563    0.5011    0.1976   0.06424    0.0213         0
   164/299     1.02G   0.01803  0.003093         0   0.02112         5      1024    0.7033    0.4411    0.4867     0.193   0.06451   0.02145         0
   165/299     1.02G   0.01726  0.002872         0   0.02013         9      1024    0.6428    0.5019    0.5047     0.198   0.06465   0.02152         0
   166/299     1.02G   0.01803  0.003021         0   0.02105         7      1024    0.6588    0.4854    0.4809    0.1861   0.06421   0.02239         0
   167/299     1.02G   0.01773  0.003049         0   0.02078         5      1024    0.6542    0.4766       0.5    0.1934   0.06408   0.02223         0
   168/299     1.02G   0.01754  0.003065         0    0.0206         0      1024      0.75    0.4334    0.5017    0.1958   0.06402   0.02172         0
   169/299     1.02G   0.01788  0.003166         0   0.02104         3      1024    0.7281    0.4499    0.5019    0.1874   0.06418   0.02217         0
   170/299     1.02G   0.01793   0.00308         0   0.02101         8      1024     0.658    0.4755    0.4981    0.1921    0.0645   0.02254         0
   171/299     1.02G   0.01694  0.003197         0   0.02013         2      1024    0.6655    0.4816    0.4997    0.1843   0.06434   0.02208         0
   172/299     1.02G   0.01756  0.003035         0   0.02059        13      1024    0.6563    0.4841    0.5085    0.1959   0.06399   0.02169         0
   173/299     1.02G    0.0169   0.00296         0   0.01986         2      1024    0.6607    0.4816    0.5004    0.1949   0.06428   0.02173         0
   174/299     1.02G   0.01738  0.002962         0   0.02034         8      1024    0.6561    0.4905    0.5155    0.1956   0.06414    0.0217         0
   175/299     1.02G   0.01812  0.002966         0   0.02109         0      1024    0.6902    0.4886    0.5237    0.2049     0.064   0.02162         0
   176/299     1.02G   0.01778  0.003004         0   0.02078         5      1024    0.6572    0.5298      0.53    0.1933   0.06377   0.02159         0
   177/299     1.02G   0.01723  0.003009         0   0.02023         7      1024    0.6621    0.4968    0.5121    0.1981   0.06415   0.02159         0
   178/299     1.02G   0.01749  0.003053         0   0.02054         0      1024    0.6787    0.4979     0.525     0.195   0.06436   0.02186         0
   179/299     1.02G   0.01745  0.002961         0   0.02041         4      1024    0.6236    0.5228    0.5124     0.195   0.06402   0.02172         0
   180/299     1.02G   0.01709   0.00295         0   0.02004         1      1024    0.6598    0.4994    0.5147    0.1977   0.06405   0.02162         0
   181/299     1.02G   0.01676  0.003099         0   0.01985         6      1024    0.6536    0.5234    0.5183    0.1904   0.06383   0.02208         0
   182/299     1.02G   0.01691  0.003159         0   0.02007         4      1024    0.6944    0.4728    0.5124    0.2008   0.06384   0.02187         0
   183/299     1.02G   0.01772  0.002874         0   0.02059         8      1024    0.7057    0.4649    0.5095    0.1936   0.06392   0.02256         0
   184/299     1.02G   0.01742  0.002996         0   0.02041         0      1024      0.65    0.5095    0.5149    0.1972    0.0638   0.02221         0
   185/299     1.02G   0.01707  0.002962         0   0.02003         0      1024    0.7106    0.4651     0.512    0.1896    0.0644   0.02163         0
   186/299     1.02G   0.01746  0.003011         0   0.02047         1      1024    0.6555    0.4993    0.5171    0.1958   0.06386   0.02185         0
   187/299     1.02G   0.01727  0.003054         0   0.02032        10      1024    0.6593     0.493    0.5141    0.1969   0.06383   0.02176         0
   188/299     1.02G   0.01737  0.003023         0   0.02039         4      1024    0.6709    0.5245     0.539    0.2073   0.06355   0.02178         0
   189/299     1.02G   0.01753  0.003007         0   0.02054         9      1024    0.7142    0.4815    0.5119    0.1984   0.06424   0.02166         0
   190/299     1.02G   0.01702  0.003053         0   0.02007         3      1024    0.6749    0.5082    0.5312    0.2014   0.06415   0.02182         0
   191/299     1.03G   0.01733  0.003027         0   0.02036         9      1024    0.7056    0.4891    0.5265    0.1936   0.06421   0.02173         0
   192/299     1.03G   0.01741  0.002933         0   0.02035         4      1024    0.6509    0.5128    0.5226    0.1995    0.0639   0.02161         0
   193/299     1.03G   0.01694  0.003056         0      0.02         6      1024    0.7064    0.5183    0.5365    0.2041   0.06374   0.02146         0
   194/299     1.03G   0.01711  0.002986         0    0.0201         4      1024    0.6833    0.5006     0.522    0.1959   0.06381   0.02136         0
   195/299     1.03G   0.01727  0.003031         0    0.0203         1      1024    0.6665    0.5066    0.5207    0.1954    0.0639    0.0215         0
   196/299     1.03G   0.01711  0.003158         0   0.02027         4      1024     0.689    0.4892    0.5152    0.1915     0.064   0.02193         0
   197/299     1.03G   0.01707  0.002999         0   0.02007         0      1024    0.6927    0.5057    0.5225    0.2035   0.06386   0.02138         0
   198/299     1.03G   0.01696  0.003051         0   0.02001         7      1024     0.633    0.5399    0.5298    0.2043   0.06383   0.02153         0
   199/299     1.03G   0.01721   0.00301         0   0.02022         6      1024    0.7179    0.5108    0.5416    0.2088   0.06388    0.0217         0
   200/299     1.03G   0.01681   0.00301         0   0.01982         7      1024     0.699    0.4918    0.5186    0.2012   0.06387   0.02166         0
   201/299     1.03G   0.01699   0.00293         0   0.01992         6      1024    0.7149    0.5054    0.5371    0.2077   0.06372   0.02157         0
   202/299     1.03G   0.01739  0.002997         0   0.02039         7      1024    0.7181    0.4943    0.5232    0.2028   0.06392   0.02157         0
   203/299     1.03G   0.01721  0.003043         0   0.02025         5      1024    0.7121    0.4829    0.5193    0.2023   0.06412   0.02123         0
   204/299     1.03G   0.01745  0.002961         0   0.02041         4      1024    0.6837     0.504    0.5221    0.2093   0.06391   0.02068         0
   205/299     1.03G   0.01785  0.002819         0   0.02067         0      1024    0.6908     0.493    0.5249     0.199   0.06404   0.02094         0
   206/299     1.03G     0.017  0.002883         0   0.01988         0      1024    0.6778    0.5108    0.5373    0.2067    0.0638   0.02122         0
   207/299     1.03G   0.01737  0.002973         0   0.02034         9      1024    0.7248    0.4841    0.5318    0.2019   0.06403   0.02123         0
   208/299     1.03G   0.01709  0.003076         0   0.02017         2      1024    0.7087    0.4841    0.5094    0.1938   0.06429   0.02144         0
   209/299     1.03G   0.01694  0.003008         0   0.01994         1      1024    0.6345    0.5478    0.5332    0.2013   0.06379    0.0215         0
   210/299     1.03G    0.0169  0.002958         0   0.01986         3      1024    0.7133    0.4943     0.533    0.2059   0.06379    0.0217         0
   211/299     1.03G   0.01765  0.003051         0    0.0207        10      1024    0.6823    0.5091    0.5244    0.2009   0.06389   0.02132         0
   212/299     1.03G   0.01717   0.00295         0   0.02012         3      1024    0.6851    0.5158     0.534    0.2053   0.06399    0.0212         0
   213/299     1.03G    0.0172   0.00301         0   0.02021         5      1024    0.6662    0.5019    0.5251    0.1969   0.06419   0.02131         0
   214/299     1.03G   0.01739  0.003117         0    0.0205         0      1024    0.7052     0.493    0.5186    0.2013   0.06407   0.02154         0
   215/299     1.03G   0.01721  0.002995         0   0.02021         4      1024    0.6422     0.526    0.5253    0.2104     0.064    0.0215         0
   216/299     1.03G   0.01701  0.003054         0   0.02006         5      1024    0.7147    0.5019    0.5283    0.2028   0.06413   0.02174         0
   217/299     1.03G   0.01706  0.002954         0   0.02001         7      1024    0.6968    0.5069    0.5339    0.2077   0.06397   0.02142         0
   218/299     1.03G   0.01734  0.003059         0    0.0204         2      1024    0.7137    0.5032    0.5405    0.2093   0.06384    0.0215         0
   219/299     1.03G   0.01662  0.002939         0   0.01956         6      1024    0.6666    0.5196    0.5384    0.2027   0.06412   0.02121         0
   220/299     1.03G   0.01703  0.002928         0   0.01996         2      1024    0.6587    0.5332    0.5339    0.2046    0.0639   0.02151         0
   221/299     1.03G     0.017  0.003043         0   0.02004         5      1024    0.7366    0.4943    0.5403     0.204   0.06372   0.02159         0
   222/299     1.03G   0.01733  0.002977         0    0.0203         5      1024    0.7733    0.4689    0.5375    0.2048   0.06387   0.02155         0
   223/299     1.03G   0.01663   0.00292         0   0.01955         0      1024    0.7067    0.5133    0.5398     0.201   0.06403   0.02141         0
   224/299     1.03G   0.01677  0.003134         0   0.01991         0      1024    0.6677     0.517     0.537    0.2066   0.06425   0.02114         0
   225/299     1.03G   0.01673  0.002953         0   0.01968         7      1024     0.716    0.5082    0.5415    0.2024   0.06396   0.02141         0
   226/299     1.03G   0.01646  0.003036         0    0.0195         5      1024    0.6797    0.5244    0.5409    0.2034   0.06387   0.02159         0
   227/299     1.03G   0.01655  0.003052         0   0.01961         2      1024    0.7028    0.5095    0.5402    0.2091   0.06382   0.02138         0
   228/299     1.03G   0.01742  0.003114         0   0.02054         2      1024    0.7322    0.4867    0.5345    0.2029   0.06387   0.02134         0
   229/299     1.03G   0.01699  0.003052         0   0.02004         4      1024    0.7318    0.4956     0.532    0.2039   0.06407   0.02155         0
   230/299     1.03G   0.01696   0.00305         0   0.02001         4      1024    0.6987    0.5057    0.5364     0.198   0.06408    0.0214         0
   231/299     1.03G   0.01712  0.002948         0   0.02007         2      1024    0.7258    0.4918    0.5365    0.1973   0.06413    0.0216         0
   232/299     1.03G   0.01714  0.003051         0   0.02019         3      1024    0.7176    0.4981    0.5415    0.1981   0.06397   0.02146         0
   233/299     1.03G   0.01709  0.002939         0   0.02002         6      1024    0.7166       0.5    0.5339    0.1988   0.06396   0.02142         0
   234/299     1.03G   0.01706  0.002903         0   0.01996         0      1024    0.7325    0.4968    0.5357    0.2006     0.064   0.02127         0
   235/299     1.03G   0.01744  0.003009         0   0.02045         5      1024    0.7423    0.4892    0.5405    0.2026   0.06392   0.02136         0
   236/299     1.03G   0.01754  0.002776         0   0.02031         0      1024    0.7471    0.4981    0.5443    0.2116   0.06367    0.0211         0
   237/299     1.03G   0.01671  0.003034         0   0.01975         4      1024    0.7318    0.5095    0.5403    0.2096   0.06377   0.02106         0
   238/299     1.03G   0.01701   0.00296         0   0.01997         4      1024    0.7342    0.5057    0.5387     0.204   0.06396   0.02135         0
   239/299     1.03G   0.01633  0.002936         0   0.01927         1      1024    0.7144    0.5044    0.5339     0.202    0.0639   0.02143         0
   240/299     1.03G    0.0168  0.002967         0   0.01977         0      1024    0.6791    0.5184    0.5282    0.1993   0.06389   0.02149         0
   241/299     1.03G   0.01674  0.003012         0   0.01975         6      1024     0.682    0.5184    0.5252    0.2023     0.064   0.02147         0
   242/299     1.03G   0.01645  0.002915         0   0.01936         3      1024    0.7447    0.4992    0.5376    0.2071   0.06384   0.02128         0
   243/299     1.03G   0.01675  0.002885         0   0.01963        11      1024    0.6978    0.5209    0.5432    0.2094    0.0637   0.02125         0
   244/299     1.03G   0.01645  0.003049         0    0.0195         4      1024    0.7448    0.4968    0.5357    0.2121   0.06368   0.02106         0
   245/299     1.03G    0.0168  0.002976         0   0.01978         1      1024    0.6735    0.5285    0.5352    0.2068   0.06374    0.0211         0
   246/299     1.03G   0.01684  0.003032         0   0.01987         5      1024    0.6898    0.5222    0.5359    0.2017   0.06371   0.02113         0
   247/299     1.03G    0.0171   0.00305         0   0.02015         2      1024    0.7054    0.5044    0.5319    0.2002   0.06366    0.0212         0
   248/299     1.03G   0.01739  0.003054         0   0.02045         3      1024    0.6664    0.5311    0.5387    0.2111   0.06349   0.02127         0
   249/299     1.03G   0.01686  0.002976         0   0.01984         3      1024    0.7173    0.5057    0.5395    0.2085   0.06373   0.02128         0
   250/299     1.03G   0.01712  0.003003         0   0.02013         7      1024    0.7047    0.5044    0.5361    0.2071   0.06377   0.02115         0
   251/299     1.03G     0.017  0.002987         0   0.01999         0      1024    0.7276    0.5011    0.5439    0.2146    0.0637   0.02108         0
   252/299     1.03G    0.0171  0.003067         0   0.02017         6      1024     0.724    0.5032     0.542      0.21   0.06374   0.02109         0
   253/299     1.03G   0.01621  0.002915         0   0.01913         2      1024    0.7089    0.5082    0.5376     0.207    0.0636   0.02137         0
   254/299     1.03G   0.01726  0.003037         0    0.0203         4      1024    0.7009     0.507    0.5323    0.2046   0.06354   0.02159         0
   255/299     1.03G   0.01648  0.003093         0   0.01957         0      1024    0.7364    0.5044    0.5374    0.2018   0.06362   0.02154         0
   256/299     1.03G   0.01707  0.003021         0   0.02009         0      1024    0.7287    0.5108     0.543    0.2097   0.06362   0.02124         0
   257/299     1.03G   0.01709   0.00302         0   0.02011         6      1024    0.7015    0.5234    0.5463    0.2087   0.06367   0.02128         0
   258/299     1.03G   0.01678  0.002933         0   0.01971         7      1024    0.7253    0.5057    0.5355    0.2085   0.06383   0.02146         0
   259/299     1.03G   0.01672  0.002943         0   0.01966         9      1024    0.7251    0.5181    0.5443    0.2073   0.06377   0.02158         0
   260/299     1.03G    0.0172  0.003008         0   0.02021         5      1024    0.6962    0.5257    0.5339    0.1985   0.06401    0.0216         0
   261/299     1.03G   0.01654  0.002848         0   0.01939         6      1024    0.6938    0.5169    0.5298    0.1971   0.06417   0.02138         0
   262/299     1.03G   0.01652   0.00299         0   0.01951         8      1024    0.6997    0.5168    0.5319    0.1977   0.06412   0.02135         0
   263/299     1.03G   0.01662  0.002916         0   0.01954         3      1024    0.7003    0.5095    0.5338    0.2003   0.06401   0.02146         0
   264/299     1.03G   0.01672  0.003028         0   0.01974         4      1024      0.68    0.5359    0.5452    0.2073   0.06388   0.02147         0
   265/299     1.03G   0.01615  0.003035         0   0.01918         2      1024    0.7325    0.4963     0.541     0.203   0.06409   0.02136         0
   266/299     1.03G   0.01603  0.003001         0   0.01904         8      1024    0.7216    0.5126    0.5375    0.2012   0.06414   0.02133         0
   267/299     1.03G   0.01668  0.002921         0    0.0196         3      1024    0.7187    0.5182    0.5439       0.2   0.06397   0.02144         0
   268/299     1.03G    0.0165  0.003017         0   0.01952         7      1024    0.6948    0.5281     0.549    0.2049   0.06381   0.02133         0
   269/299     1.03G   0.01696  0.003081         0   0.02004         5      1024    0.7073    0.5209    0.5481    0.2015   0.06384   0.02129         0
   270/299     1.03G   0.01659  0.003002         0   0.01959         0      1024    0.7351    0.5032    0.5478    0.2079   0.06389   0.02137         0
   271/299     1.03G   0.01674  0.002866         0    0.0196         0      1024     0.728    0.5095    0.5497    0.2088   0.06389   0.02128         0
   272/299     1.03G   0.01695  0.003046         0      0.02         3      1024    0.7112    0.5247    0.5545    0.2085   0.06397   0.02125         0
   273/299     1.03G   0.01638  0.002945         0   0.01933         0      1024    0.6855     0.522    0.5435    0.2072   0.06397   0.02127         0
   274/299     1.03G   0.01686  0.002931         0    0.0198         7      1024    0.6971    0.5247     0.548    0.2028   0.06402    0.0213         0
   275/299     1.03G   0.01637  0.002998         0   0.01937         3      1024    0.7197    0.5057    0.5445    0.2009     0.064   0.02132         0
   276/299     1.03G   0.01706  0.002989         0   0.02005         1      1024    0.7142    0.5131    0.5445    0.2013   0.06397   0.02121         0
   277/299     1.03G   0.01635  0.002971         0   0.01932         0      1024    0.7261     0.514    0.5536    0.2083   0.06373   0.02128         0
   278/299     1.03G   0.01637  0.003004         0   0.01938         5      1024    0.7538    0.4892     0.541    0.2067   0.06383   0.02131         0
   279/299     1.03G   0.01649  0.002868         0   0.01936         7      1024    0.7332    0.5019    0.5401    0.2012   0.06384   0.02136         0
   280/299     1.03G   0.01554  0.002848         0   0.01839         3      1024    0.7352    0.5068     0.542    0.1991   0.06387   0.02134         0
   281/299     1.03G   0.01711  0.002995         0   0.02011         0      1024    0.7339     0.507    0.5428    0.2022   0.06385   0.02125         0
   282/299     1.03G   0.01683  0.002826         0   0.01966         6      1024    0.7324    0.5066    0.5449    0.2016   0.06381   0.02132         0
   283/299     1.03G   0.01645  0.003044         0   0.01949         0      1024    0.7155    0.5099    0.5414    0.2046   0.06381   0.02133         0
   284/299     1.03G   0.01618  0.002903         0   0.01908         4      1024    0.7418    0.5095    0.5468    0.2022   0.06374   0.02136         0
   285/299     1.03G   0.01647  0.003072         0   0.01954         3      1024    0.7279    0.5133    0.5485    0.2016   0.06382   0.02122         0
   286/299     1.03G   0.01666  0.002901         0   0.01956         2      1024    0.7421    0.5019    0.5447    0.2028   0.06389   0.02128         0
   287/299     1.03G   0.01664  0.002999         0   0.01964         0      1024    0.7242    0.5032    0.5434    0.2001   0.06388   0.02138         0
   288/299     1.03G   0.01651  0.002969         0   0.01948         3      1024    0.7023    0.5158    0.5438    0.2033   0.06383   0.02118         0
   289/299     1.03G   0.01647  0.002843         0   0.01932         2      1024    0.7391    0.4955    0.5383    0.1969   0.06393   0.02132         0
   290/299     1.03G   0.01659  0.002906         0   0.01949         3      1024     0.722    0.5004    0.5329    0.1961   0.06386   0.02127         0
   291/299     1.03G   0.01634  0.002989         0   0.01933         0      1024    0.7306    0.5018    0.5389    0.1999   0.06398   0.02128         0
   292/299     1.03G   0.01633  0.002974         0    0.0193         0      1024    0.7209    0.5042    0.5419    0.1998   0.06389   0.02125         0
   293/299     1.03G   0.01641  0.002945         0   0.01936         4      1024    0.6919    0.5207    0.5404    0.2005   0.06391   0.02123         0
   294/299     1.03G   0.01589  0.002886         0   0.01878         7      1024     0.717    0.5146    0.5482    0.2039   0.06376   0.02109         0
   295/299     1.03G   0.01626  0.002978         0   0.01923         3      1024    0.7141     0.507      0.54    0.2016   0.06378   0.02118         0
   296/299     1.03G   0.01702   0.00289         0   0.01991         3      1024    0.7225    0.5081    0.5416    0.1995   0.06382   0.02122         0
   297/299     1.03G   0.01665  0.003079         0   0.01973         8      1024    0.7159    0.5095    0.5378    0.1999   0.06378   0.02126         0
   298/299     1.03G   0.01643     0.003         0   0.01943         2      1024     0.689    0.5298     0.545    0.2099   0.06377   0.02104         0
   299/299     1.03G   0.01678  0.003025         0    0.0198         5      1024    0.7132    0.5184     0.546    0.2124   0.06368   0.02097         0
