     0/199    0.814G   0.07539    0.0111         0    0.0865        16      1024 0.0005938  0.007605  1.51e-05 3.286e-06   0.09039   0.01624         0
     1/199     3.17G   0.04194  0.003004         0   0.04495        29      1024   0.01633   0.03549  0.003068 0.0005903   0.08461   0.02307         0
     2/199     3.18G   0.02827  0.003111         0   0.03138        31      1024   0.08302    0.1128   0.02465  0.004821   0.08206   0.02494         0
     3/199     3.18G   0.02591  0.003538         0   0.02945        20      1024    0.2083    0.2345    0.1104   0.02056   0.07483   0.03125         0
     4/199      3.2G    0.0236  0.003717         0   0.02732        18      1024    0.3647    0.3308    0.2534   0.06733   0.06969   0.03437         0
     5/199     3.21G   0.02191  0.003755         0   0.02567        21      1024     0.429    0.3397    0.2802   0.07499   0.07172   0.03119         0
     6/199     3.21G   0.02203   0.00361         0   0.02564        35      1024     0.559    0.4106    0.4007    0.1094    0.0681   0.03092         0
     7/199     3.21G   0.02093  0.003309         0   0.02424        33      1024    0.3123    0.3143    0.1758   0.03167   0.07089   0.02545         0
     8/199     3.21G   0.02097  0.003241         0   0.02422        34      1024    0.6616    0.6344    0.6578    0.2098   0.06632   0.02296         0
     9/199     3.21G     0.021  0.003025         0   0.02402        24      1024    0.6854    0.6565    0.6779     0.234   0.06535   0.02292         0
    10/199     3.21G   0.02088   0.00295         0   0.02383        31      1024    0.7086    0.6312    0.6481    0.1875   0.06588   0.02192         0
    11/199     3.21G   0.01928   0.00289         0   0.02217        41      1024      0.62    0.6375    0.5877    0.1809   0.06639   0.02102         0
    12/199     3.23G   0.01799  0.002846         0   0.02083        13      1024    0.7922    0.6743    0.7244    0.2404   0.06476   0.02026         0
    13/199     3.23G   0.01794  0.002795         0   0.02074        30      1024    0.8323    0.6996    0.7596    0.2649   0.06436   0.01969         0
    14/199     3.23G   0.02067   0.00282         0   0.02349        29      1024    0.7935    0.7313    0.7743    0.2796    0.0638   0.01942         0
    15/199     3.23G   0.01985   0.00271         0   0.02256        31      1024    0.8168    0.7233    0.7888    0.2756   0.06422   0.01909         0
    16/199     3.23G   0.01831  0.002725         0   0.02104        23      1024    0.8102    0.6996    0.7473      0.25   0.06453   0.01978         0
    17/199     3.23G   0.01849  0.002714         0    0.0212        26      1024    0.8412    0.7326    0.7858    0.2883   0.06379   0.01949         0
    18/199     3.23G   0.01797  0.002725         0    0.0207        30      1024    0.8206     0.749    0.8041     0.306   0.06337    0.0186         0
    19/199     3.23G   0.01837  0.002723         0    0.0211        23      1024    0.8194     0.788    0.8339    0.3237   0.06309     0.018         0
    20/199     3.23G    0.0185   0.00267         0   0.02117        15      1024    0.8152    0.6819     0.764     0.257   0.06387    0.0185         0
    21/199     3.23G    0.0191  0.002722         0   0.02182        27      1024    0.8779    0.7047    0.8056    0.3032   0.06333   0.01805         0
    22/199     3.23G   0.01724  0.002664         0    0.0199        19      1024    0.8567    0.7731    0.8283    0.3398   0.06332   0.01795         0
    23/199     3.23G   0.01679  0.002621         0   0.01941        31      1024    0.8672    0.7795     0.835    0.3164   0.06343   0.01731         0
    24/199     3.24G   0.01819  0.002541         0   0.02073        12      1024    0.8696     0.763    0.8246    0.3346   0.06311   0.01859         0
    25/199     3.24G   0.01728  0.002655         0   0.01994        29      1024    0.8641    0.7262    0.8172    0.3333   0.06294   0.01853         0
    26/199     3.24G   0.01743  0.002702         0   0.02013        36      1024     0.864    0.7681    0.8382     0.332   0.06301   0.01791         0
    27/199     3.24G   0.01648  0.002552         0   0.01903        20      1024    0.8673    0.7833    0.8462    0.3417   0.06302   0.01726         0
    28/199     3.24G   0.01696  0.002582         0   0.01954        17      1024    0.8536    0.7907     0.836    0.3434   0.06269   0.01765         0
    29/199     3.24G   0.01754  0.002613         0   0.02015        23      1024    0.8633    0.8244    0.8606     0.358   0.06274   0.01726         0
    30/199     3.24G   0.01549  0.002521         0   0.01801        15      1024    0.8394    0.7752    0.8265    0.3233   0.06296   0.01752         0
    31/199     3.24G   0.01688   0.00255         0   0.01943        18      1024    0.8281    0.7815    0.8275    0.3352   0.06275   0.01785         0
    32/199     3.24G   0.01739  0.002532         0   0.01992        27      1024     0.873    0.7844    0.8478    0.3415   0.06286   0.01847         0
    33/199     3.24G   0.01605  0.002472         0   0.01852        22      1024    0.8534    0.7818    0.8329    0.3406   0.06281    0.0184         0
    34/199     3.24G   0.01605  0.002525         0   0.01857        15      1024    0.8521    0.8048    0.8458    0.3441   0.06253    0.0171         0
    35/199     3.24G   0.01837  0.002484         0   0.02086        31      1024    0.8479    0.8137    0.8515    0.3601   0.06253   0.01672         0
    36/199     3.24G   0.01876  0.002525         0   0.02128        23      1024    0.8789    0.7845    0.8624    0.3621   0.06251   0.01629         0
    37/199     3.24G   0.01616  0.002575         0   0.01873        19      1024    0.8579    0.7997    0.8494    0.3377   0.06272   0.01728         0
    38/199     3.24G   0.01788  0.002427         0   0.02031        13      1024    0.8503    0.8135    0.8555    0.3456   0.06242   0.01658         0
    39/199     3.24G   0.01547  0.002548         0   0.01802        36      1024    0.8591    0.7728    0.8444    0.3387   0.06262   0.01699         0
    40/199     3.24G   0.01738  0.002585         0   0.01996        14      1024    0.8682    0.7933     0.855     0.368   0.06258   0.01629         0
    41/199     3.24G   0.01701  0.002405         0   0.01942        36      1024    0.8562    0.8099    0.8603    0.3596    0.0625   0.01653         0
    42/199     3.24G   0.01592  0.002375         0    0.0183        28      1024    0.8828    0.7832     0.853    0.3477   0.06268   0.01676         0
    43/199     3.24G   0.01827  0.002477         0   0.02075        19      1024    0.8886    0.8085    0.8673    0.3702   0.06205   0.01708         0
    44/199     3.24G   0.01669  0.002427         0   0.01911        15      1024    0.8895    0.7883     0.865    0.3523   0.06254   0.01709         0
    45/199     3.24G   0.01819  0.002398         0   0.02059        21      1024    0.8731     0.802    0.8596    0.3505   0.06241    0.0167         0
    46/199     3.24G   0.01748  0.002458         0   0.01994        29      1024    0.8599    0.8099    0.8585    0.3375   0.06286    0.0168         0
    47/199     3.24G   0.01614  0.002434         0   0.01857        13      1024    0.8708      0.82    0.8641     0.363   0.06219   0.01596         0
    48/199     3.24G   0.01722   0.00247         0   0.01969        14      1024    0.9053    0.7883    0.8628    0.3606    0.0623   0.01708         0
    49/199     3.24G   0.01583   0.00244         0   0.01827        24      1024    0.8819    0.8048    0.8599    0.3627   0.06224   0.01684         0
    50/199     3.24G   0.01601  0.002411         0   0.01842        27      1024    0.8941    0.8136    0.8689    0.3619   0.06238   0.01661         0
    51/199     3.24G   0.01586  0.002404         0   0.01826        43      1024    0.8835    0.8173    0.8714    0.3656   0.06226   0.01664         0
    52/199     3.24G   0.01663  0.002464         0    0.0191        27      1024    0.8788      0.82    0.8703    0.3794   0.06218   0.01626         0
    53/199     3.24G   0.01489  0.002385         0   0.01728        41      1024    0.8592    0.8302    0.8644    0.3705   0.06216   0.01659         0
    54/199     3.24G   0.01702  0.002444         0   0.01947        34      1024    0.8995    0.8302    0.8774    0.3638   0.06208   0.01699         0
    55/199     3.24G   0.01531  0.002283         0   0.01759        17      1024    0.8888    0.8314    0.8767     0.385   0.06199   0.01613         0
    56/199     3.24G   0.01588  0.002388         0   0.01827        20      1024    0.8841    0.8428     0.885    0.3685   0.06206   0.01633         0
    57/199     3.24G   0.01561  0.002294         0    0.0179        27      1024     0.891    0.8099    0.8669    0.3718   0.06211   0.01659         0
    58/199     3.24G    0.0174   0.00229         0   0.01969        21      1024    0.8904    0.8236    0.8757     0.378     0.062   0.01692         0
    59/199     3.24G   0.01668  0.002409         0   0.01909        22      1024    0.8808    0.8243    0.8706    0.3796   0.06201   0.01652         0
    60/199     3.24G   0.01624  0.002332         0   0.01857        16      1024    0.9149    0.7906    0.8722    0.3748   0.06195   0.01718         0
    61/199     3.24G    0.0185  0.002443         0   0.02094        26      1024    0.9191    0.8086    0.8782     0.387   0.06184   0.01689         0
    62/199     3.24G   0.01648  0.002327         0   0.01881        37      1024    0.8942    0.8251    0.8795    0.3893   0.06176   0.01596         0
    63/199     3.24G   0.01588  0.002456         0   0.01833        32      1024    0.8834    0.8314    0.8789    0.3755    0.0619   0.01642         0
    64/199     3.24G     0.016  0.002304         0   0.01831        10      1024    0.8873    0.8085    0.8703    0.3809   0.06177   0.01727         0
    65/199     3.24G   0.01714  0.002384         0   0.01952        30      1024    0.8706    0.8061    0.8681    0.3835   0.06211   0.01675         0
    66/199     3.24G   0.01592   0.00237         0   0.01829        25      1024    0.8737    0.8289    0.8759    0.3927   0.06193   0.01702         0
    67/199     3.24G   0.01588  0.002301         0   0.01818        13      1024    0.8667    0.8325     0.873     0.367   0.06216   0.01727         0
    68/199     3.24G   0.01739  0.002343         0   0.01973        16      1024    0.9008    0.8174    0.8734    0.3859   0.06202   0.01653         0
    69/199     3.24G   0.01651  0.002434         0   0.01894        31      1024    0.9026    0.8222    0.8816    0.3919   0.06168    0.0159         0
    70/199     3.24G   0.01566  0.002244         0    0.0179        47      1024    0.8639    0.8213    0.8635    0.3727   0.06186   0.01739         0
    71/199     3.24G   0.01747  0.002338         0   0.01981        40      1024    0.9224    0.7997    0.8803    0.3715   0.06207   0.01679         0
    72/199     3.24G   0.01525  0.002351         0   0.01761        27      1024    0.8978    0.8243    0.8746    0.3791   0.06187   0.01678         0
    73/199     3.24G   0.01591  0.002298         0    0.0182        19      1024     0.895    0.8099    0.8792    0.3721   0.06199   0.01663         0
    74/199     3.24G   0.01567  0.002357         0   0.01803        20      1024    0.9059    0.8297     0.884    0.3903   0.06175   0.01581         0
    75/199     3.24G   0.01605  0.002315         0   0.01836        28      1024    0.8681    0.8427    0.8835    0.3803   0.06191   0.01603         0
    76/199     3.24G   0.01498  0.002336         0   0.01731        28      1024     0.879    0.8288    0.8722    0.3812   0.06173   0.01612         0
    77/199     3.24G    0.0162  0.002328         0   0.01853        34      1024    0.8971    0.8074    0.8722    0.3813   0.06193   0.01598         0
    78/199     3.24G   0.01675  0.002373         0   0.01913        17      1024    0.8937    0.8213    0.8745    0.3907   0.06174   0.01607         0
    79/199     3.24G   0.01514  0.002411         0   0.01755        25      1024     0.906    0.7972    0.8649    0.3771   0.06184   0.01647         0
    80/199     3.24G   0.01553  0.002227         0   0.01776        21      1024    0.8878    0.8225    0.8742    0.3602   0.06202   0.01669         0
    81/199     3.24G   0.01666  0.002256         0   0.01892        21      1024    0.8825    0.8428    0.8823    0.3932   0.06177   0.01628         0
    82/199     3.24G   0.01503  0.002385         0   0.01742        24      1024    0.8837    0.8567    0.8875    0.3886   0.06182   0.01674         0
    83/199     3.24G   0.01638  0.002416         0    0.0188        17      1024    0.9219    0.8023     0.881    0.3911    0.0617   0.01595         0
    84/199     3.24G     0.017  0.002398         0    0.0194        42      1024    0.8871    0.8276    0.8854    0.3803   0.06181   0.01647         0
    85/199     3.24G   0.01493  0.002249         0   0.01717        37      1024    0.8954    0.8352      0.89    0.3854   0.06173   0.01569         0
    86/199     3.24G   0.01563  0.002313         0   0.01794        24      1024    0.9147    0.8159    0.8851    0.3926   0.06168   0.01609         0
    87/199     3.24G   0.01704  0.002345         0   0.01939        19      1024     0.921    0.8273    0.8904    0.3911   0.06157    0.0161         0
    88/199     3.24G   0.01443  0.002313         0   0.01674        34      1024    0.9061    0.8327    0.8901    0.3833   0.06182   0.01639         0
    89/199     3.24G   0.01505   0.00233         0   0.01738         8      1024    0.9003    0.8352     0.885    0.3959   0.06167   0.01589         0
    90/199     3.24G    0.0157  0.002421         0   0.01812        35      1024    0.8868    0.8454    0.8875    0.3976   0.06146   0.01602         0
    91/199     3.24G   0.01521  0.002248         0   0.01746        22      1024    0.8865    0.8238    0.8746    0.3887   0.06177   0.01593         0
    92/199     3.24G   0.01534  0.002284         0   0.01762        23      1024    0.8964     0.834    0.8852    0.3911   0.06165    0.0164         0
    93/199     3.24G   0.01535  0.002347         0   0.01769        24      1024    0.9088    0.8212     0.874    0.3898   0.06173   0.01635         0
    94/199     3.24G   0.01507  0.002276         0   0.01734        17      1024    0.8999    0.8466    0.8924       0.4   0.06152   0.01628         0
    95/199     3.24G    0.0168   0.00227         0   0.01907        28      1024     0.876    0.8415    0.8751     0.396    0.0615   0.01567         0
    96/199     3.24G   0.01528  0.002223         0    0.0175        31      1024    0.9078    0.8276    0.8916    0.3798   0.06174   0.01653         0
    97/199     3.24G   0.01515   0.00231         0   0.01746        33      1024    0.8907    0.8378    0.8753    0.3977   0.06158   0.01557         0
    98/199     3.24G   0.01677  0.002337         0   0.01911        24      1024     0.907    0.8402    0.8914     0.397   0.06159   0.01654         0
    99/199     3.24G   0.01565  0.002324         0   0.01797        28      1024    0.9249    0.8314    0.8936    0.4005   0.06155   0.01591         0
   100/199     3.24G   0.01486  0.002322         0   0.01718        40      1024      0.89    0.8517    0.8979    0.3972   0.06148   0.01554         0
   101/199     3.24G   0.01481  0.002313         0   0.01712        26      1024    0.9152    0.8504    0.8994    0.3976   0.06157   0.01586         0
   102/199     3.26G   0.01725  0.002374         0   0.01962        20      1024     0.913    0.8378    0.8913    0.3937   0.06162   0.01596         0
   103/199     3.26G   0.01597  0.002241         0   0.01821        36      1024    0.9189    0.8325    0.8959    0.3935   0.06161   0.01576         0
   104/199     3.26G   0.01715  0.002312         0   0.01947        14      1024     0.899     0.839    0.8844    0.3917    0.0617   0.01608         0
   105/199     3.26G   0.01676  0.002331         0   0.01909        22      1024    0.8956    0.8416    0.8839    0.3953   0.06169   0.01571         0
   106/199     3.26G   0.01595  0.002214         0   0.01816        20      1024    0.9144    0.8416    0.8933    0.3896   0.06161   0.01592         0
   107/199     3.26G   0.01481  0.002286         0    0.0171        23      1024    0.9097      0.83    0.8856    0.3834   0.06172   0.01631         0
   108/199     3.26G   0.01491   0.00227         0   0.01718        22      1024    0.9043    0.8403    0.8834    0.3983   0.06158   0.01588         0
   109/199     3.26G   0.01449  0.002313         0    0.0168        30      1024    0.8943    0.8276    0.8748    0.3931   0.06153   0.01548         0
   110/199     3.26G   0.01569  0.002198         0   0.01788        28      1024    0.9112    0.8197    0.8833     0.395    0.0615   0.01595         0
   111/199     3.26G   0.01624  0.002383         0   0.01862        27      1024    0.8884    0.8474    0.8837    0.3964   0.06138   0.01584         0
   112/199     3.26G   0.01499  0.002275         0   0.01726        32      1024    0.8886    0.8606    0.8926    0.4041   0.06148   0.01601         0
   113/199     3.26G   0.01653  0.002304         0   0.01883        19      1024    0.9297    0.8211    0.8925    0.3968   0.06158    0.0164         0
   114/199     3.26G   0.01369  0.002231         0   0.01593        15      1024    0.9161    0.8454    0.8902    0.4021   0.06149   0.01575         0
   115/199     3.26G    0.0149  0.002246         0   0.01715        23      1024    0.9199    0.8302    0.8958    0.4031    0.0614   0.01597         0
   116/199     3.26G   0.01455  0.002249         0    0.0168        19      1024    0.8746    0.8669    0.8928    0.3993   0.06154   0.01572         0
   117/199     3.26G   0.01468  0.002247         0   0.01692        24      1024    0.9158    0.8428    0.8986    0.3899   0.06147   0.01608         0
   118/199     3.26G   0.01593  0.002262         0    0.0182        27      1024    0.9122    0.8426    0.8961    0.3957   0.06146   0.01609         0
   119/199     3.26G   0.01596  0.002282         0   0.01824        32      1024     0.909    0.8606     0.905    0.3944   0.06139   0.01592         0
   120/199     3.26G    0.0159  0.002184         0   0.01808        34      1024    0.8914    0.8427    0.8864    0.3836   0.06159   0.01626         0
   121/199     3.26G   0.01541  0.002276         0   0.01769        46      1024    0.9064    0.8606    0.8968    0.4036   0.06144   0.01585         0
   122/199     3.26G   0.01497  0.002264         0   0.01723        12      1024    0.9114    0.8339    0.8941    0.4025   0.06141   0.01598         0
   123/199     3.26G   0.01721  0.002237         0   0.01944        23      1024    0.9184    0.8314    0.8938    0.3917   0.06149   0.01571         0
   124/199     3.26G   0.01434  0.002343         0   0.01668        17      1024    0.9007     0.839    0.8886    0.4063   0.06142   0.01586         0
   125/199     3.26G    0.0158  0.002202         0     0.018        28      1024    0.9141    0.8365    0.8954    0.3991   0.06132   0.01562         0
   126/199     3.26G    0.0174  0.002219         0   0.01962        26      1024    0.8952    0.8352    0.8878    0.4034   0.06132   0.01582         0
   127/199     3.26G   0.01441  0.002186         0   0.01659        30      1024    0.8989    0.8454    0.8933    0.4078   0.06124   0.01599         0
   128/199     3.26G   0.01657  0.002205         0   0.01877        22      1024     0.906    0.8427    0.8932    0.4061   0.06121   0.01586         0
   129/199     3.26G   0.01691  0.002285         0    0.0192        35      1024    0.9025    0.8567     0.902    0.3999   0.06135   0.01571         0
   130/199     3.26G   0.01422  0.002327         0   0.01655        40      1024     0.895    0.8642    0.9026    0.4031   0.06138   0.01582         0
   131/199     3.26G   0.01473  0.002366         0   0.01709        19      1024    0.8836    0.8682    0.9007    0.4016   0.06133   0.01579         0
   132/199     3.26G   0.01574  0.002359         0    0.0181        40      1024    0.9177     0.834    0.8982    0.4059   0.06131    0.0155         0
   133/199     3.26G   0.01516  0.002302         0   0.01746        31      1024    0.8978    0.8466    0.8973    0.4036   0.06138   0.01576         0
   134/199     3.26G   0.01523  0.002267         0    0.0175        36      1024    0.9151    0.8466    0.8982    0.4075   0.06124   0.01568         0
   135/199     3.26G   0.01516  0.002297         0   0.01746        35      1024    0.8875    0.8517    0.8919    0.3993   0.06136   0.01616         0
   136/199     3.26G   0.01654  0.002284         0   0.01883        32      1024    0.8932    0.8477    0.8896    0.4104   0.06132   0.01555         0
   137/199     3.26G   0.01399  0.002281         0   0.01627        17      1024      0.91    0.8462    0.8934    0.4114   0.06127   0.01564         0
   138/199     3.26G   0.01498   0.00221         0   0.01719        15      1024    0.9075    0.8453    0.9023     0.401   0.06133   0.01592         0
   139/199     3.26G   0.01483  0.002294         0   0.01712        30      1024    0.9122    0.8314    0.8987    0.3972   0.06133   0.01619         0
   140/199     3.26G   0.01586  0.002306         0   0.01817        27      1024    0.9057    0.8416    0.8965    0.4053   0.06122   0.01586         0
   141/199     3.26G   0.01625   0.00216         0   0.01841        23      1024    0.8899    0.8603    0.8979    0.3967   0.06137   0.01612         0
   142/199     3.26G   0.01547  0.002281         0   0.01775        20      1024    0.8955    0.8479    0.8918    0.4025   0.06138    0.0161         0
   143/199     3.26G   0.01483  0.002217         0   0.01705        27      1024     0.919    0.8504    0.9047    0.4013   0.06128   0.01565         0
   144/199     3.26G   0.01477   0.00222         0   0.01699        18      1024    0.9159    0.8479    0.9013    0.4102   0.06114   0.01561         0
   145/199     3.26G   0.01372   0.00224         0   0.01597        23      1024    0.9304    0.8299     0.902    0.4104   0.06112   0.01555         0
   146/199     3.26G   0.01563  0.002189         0   0.01782        28      1024    0.9021     0.841    0.8961    0.4081   0.06115   0.01577         0
   147/199     3.26G   0.01604  0.002198         0   0.01824        39      1024    0.8939    0.8542    0.9006    0.4073   0.06121   0.01593         0
   148/199     3.26G   0.01545   0.00234         0   0.01779        33      1024    0.9079    0.8517    0.9042     0.411   0.06124   0.01577         0
   149/199     3.26G   0.01449  0.002319         0   0.01681        30      1024    0.9131    0.8389    0.9004    0.4102   0.06118   0.01583         0
   150/199     3.26G   0.01399  0.002247         0   0.01624        25      1024    0.8996     0.853    0.8986    0.4044   0.06122   0.01607         0
   151/199     3.26G   0.01507  0.002248         0   0.01732        13      1024     0.906    0.8427    0.8983    0.4012   0.06128   0.01598         0
   152/199     3.26G   0.01422  0.002143         0   0.01636        24      1024    0.8987    0.8541    0.9022    0.3986   0.06131   0.01584         0
   153/199     3.26G   0.01535  0.002252         0    0.0176        24      1024    0.9052    0.8591    0.9058      0.41   0.06118   0.01602         0
   154/199     3.26G    0.0156  0.002232         0   0.01784        13      1024    0.9137     0.845    0.8998    0.4043   0.06117   0.01577         0
   155/199     3.26G   0.01572    0.0021         0   0.01782        21      1024    0.9137    0.8593    0.9063    0.4065   0.06121   0.01556         0
   156/199     3.26G   0.01393  0.002162         0   0.01609        14      1024    0.9174    0.8517    0.9031    0.4038   0.06119    0.0159         0
   157/199     3.26G   0.01482  0.002254         0   0.01707        13      1024    0.9072    0.8555    0.9071    0.4041   0.06123   0.01578         0
   158/199     3.26G   0.01643  0.002092         0   0.01852        26      1024    0.8867    0.8831     0.913    0.4089   0.06119   0.01557         0
   159/199     3.26G   0.01443  0.002154         0   0.01658        43      1024    0.9098    0.8568    0.9067    0.4151    0.0611    0.0156         0
   160/199     3.26G   0.01463  0.002282         0   0.01691        24      1024    0.9147    0.8466    0.9032    0.4106   0.06114   0.01585         0
   161/199     3.26G   0.01438  0.002181         0   0.01656        16      1024    0.9085    0.8552    0.9023    0.4049   0.06115   0.01608         0
   162/199     3.26G   0.01367  0.002229         0    0.0159        15      1024    0.9214    0.8465    0.9076    0.4101   0.06111   0.01591         0
   163/199     3.26G   0.01463  0.002197         0   0.01683        22      1024    0.9035    0.8667     0.912    0.4123    0.0611   0.01569         0
   164/199     3.26G   0.01423  0.002206         0   0.01643        35      1024    0.9044    0.8644     0.904    0.4137    0.0611   0.01573         0
   165/199     3.26G   0.01484  0.002187         0   0.01703        21      1024    0.9116    0.8644     0.908    0.4146   0.06113    0.0157         0
   166/199     3.26G   0.01485  0.002311         0   0.01716        34      1024    0.9109    0.8555    0.9018    0.4088   0.06117   0.01557         0
   167/199     3.26G   0.01571  0.002254         0   0.01796        28      1024    0.9054    0.8504    0.9019    0.4104   0.06123   0.01575         0
   168/199     3.26G   0.01604   0.00224         0   0.01828        26      1024    0.9008    0.8631    0.9051    0.4099   0.06116    0.0157         0
   169/199     3.26G    0.0149  0.002214         0   0.01711        20      1024     0.932    0.8339    0.8975    0.4105    0.0612   0.01557         0
   170/199     3.26G   0.01718  0.002266         0   0.01945        24      1024    0.8985    0.8643    0.9008     0.415   0.06112    0.0157         0
   171/199     3.26G   0.01508  0.002233         0   0.01731        19      1024    0.8909    0.8794    0.9017    0.4121   0.06114   0.01574         0
   172/199     3.26G   0.01555   0.00222         0   0.01777        20      1024    0.8965    0.8783    0.9071    0.4152   0.06109   0.01581         0
   173/199     3.26G   0.01426  0.002216         0   0.01647        11      1024    0.9288    0.8437    0.9048    0.4118   0.06114   0.01556         0
   174/199     3.26G   0.01412  0.002234         0   0.01636        24      1024    0.9083    0.8542    0.9049    0.4129   0.06108   0.01562         0
   175/199     3.26G   0.01398  0.002176         0   0.01615        30      1024     0.898    0.8705    0.9045    0.4128   0.06113   0.01546         0
   176/199     3.26G   0.01599   0.00217         0   0.01816        17      1024    0.8829    0.8796     0.903    0.4113   0.06108   0.01583         0
   177/199     3.26G   0.01694  0.002266         0   0.01921        27      1024    0.9146    0.8428    0.9025    0.4128   0.06108   0.01571         0
   178/199     3.26G   0.01613  0.002237         0   0.01837        15      1024    0.9149    0.8466    0.9051    0.4154   0.06109    0.0158         0
   179/199     3.26G   0.01482  0.002227         0   0.01705        19      1024    0.9201    0.8466    0.9049    0.4136   0.06113   0.01583         0
   180/199     3.26G   0.01593  0.002278         0   0.01821        27      1024    0.9268    0.8504    0.9098    0.4085   0.06115   0.01564         0
   181/199     3.26G   0.01371  0.002252         0   0.01596        17      1024    0.9059    0.8669    0.9107    0.4076   0.06111   0.01589         0
   182/199     3.26G   0.01586  0.002243         0    0.0181        36      1024    0.9161    0.8441    0.9014    0.4166   0.06108   0.01568         0
   183/199     3.26G    0.0148  0.002273         0   0.01707        29      1024    0.9214    0.8479    0.9077    0.4113   0.06113   0.01564         0
   184/199     3.26G   0.01404  0.002166         0    0.0162        33      1024    0.9197    0.8454    0.9021    0.4088   0.06122   0.01578         0
   185/199     3.26G   0.01321  0.002144         0   0.01536        24      1024    0.9096    0.8555    0.9011    0.4075   0.06118   0.01603         0
   186/199     3.26G   0.01475  0.002114         0   0.01686        21      1024    0.8823    0.8643    0.9029    0.4089   0.06114   0.01601         0
   187/199     3.26G   0.01395  0.002268         0   0.01622        26      1024    0.9038     0.858    0.9006    0.4101   0.06113    0.0157         0
   188/199     3.26G   0.01453  0.002212         0   0.01675        38      1024    0.9153    0.8491       0.9    0.4098   0.06114    0.0158         0
   189/199     3.26G   0.01327  0.002117         0   0.01539        21      1024    0.9119     0.853    0.9041    0.4078   0.06108   0.01584         0
   190/199     3.26G   0.01486  0.002112         0   0.01697        26      1024    0.9146    0.8555     0.905     0.404   0.06109   0.01588         0
   191/199     3.26G   0.01505  0.002165         0   0.01721        34      1024    0.9085    0.8555    0.9056    0.4102   0.06107   0.01582         0
   192/199     3.26G   0.01586  0.002223         0   0.01808        18      1024    0.9142    0.8504    0.9045    0.4144   0.06105   0.01567         0
   193/199     3.26G   0.01511  0.002212         0   0.01732        16      1024    0.9246    0.8542    0.9077      0.41   0.06107   0.01593         0
   194/199     3.26G    0.0146  0.002151         0   0.01675        27      1024    0.9193    0.8542    0.9057    0.4108   0.06106   0.01577         0
   195/199     3.26G   0.01513  0.002224         0   0.01735        34      1024    0.9202    0.8504    0.9046    0.4135   0.06104   0.01586         0
   196/199     3.26G   0.01543  0.002178         0   0.01761        16      1024    0.9355    0.8479    0.9101    0.4103   0.06108   0.01574         0
   197/199     3.26G   0.01544  0.002259         0    0.0177        19      1024    0.9184    0.8706    0.9113    0.4106   0.06112   0.01568         0
   198/199     3.26G   0.01422   0.00222         0   0.01644        30      1024    0.9181    0.8669    0.9119    0.4166   0.06105    0.0157         0
   199/199     3.26G   0.01349  0.002249         0   0.01573        26      1024    0.9236    0.8593    0.9083    0.4117   0.06104   0.01576         0
   201/299    0.692G   0.01764   0.00291         0   0.02055        16      1024    0.7576    0.7034    0.7244    0.2378   0.06447     0.019         0
   202/299     3.18G   0.01782  0.002731         0   0.02055        29      1024    0.8377     0.772    0.8156     0.344   0.06229   0.01849         0
   203/299      3.2G   0.01531  0.002588         0    0.0179        31      1024    0.8305    0.8072    0.8417    0.3637    0.0621   0.01785         0
   204/299     3.21G   0.01584  0.002554         0   0.01839        20      1024    0.8372    0.7959    0.8343    0.3554   0.06201   0.01804         0
   205/299     3.23G   0.01606  0.002549         0   0.01861        18      1024    0.8446    0.8137    0.8468    0.3614   0.06181   0.01792         0
   206/299     3.23G   0.01446  0.002485         0   0.01695        21      1024     0.871    0.7957    0.8474    0.3714   0.06175   0.01758         0
   207/299     3.23G   0.01571  0.002487         0    0.0182        35      1024     0.889    0.7934    0.8508    0.3672   0.06179   0.01733         0
   208/299     3.23G   0.01609   0.00246         0   0.01855        33      1024    0.8789    0.8096     0.854    0.3781    0.0617   0.01738         0
   209/299     3.23G   0.01671  0.002568         0   0.01928        34      1024     0.883    0.8048     0.851    0.3782    0.0617   0.01705         0
   210/299     3.23G   0.01695  0.002517         0   0.01946        24      1024    0.8893    0.8048    0.8572    0.3766   0.06159   0.01715         0
   211/299     3.23G   0.01721  0.002431         0   0.01964        31      1024    0.8831    0.8137    0.8559    0.3597    0.0618   0.01738         0
   212/299     3.23G   0.01613   0.00249         0   0.01862        41      1024    0.8565    0.8249    0.8513     0.377   0.06161   0.01721         0
   213/299     3.23G   0.01488  0.002479         0   0.01736        13      1024    0.8603     0.815    0.8444     0.362   0.06178    0.0174         0
   214/299     3.23G     0.015   0.00242         0   0.01742        30      1024    0.8784    0.8086    0.8545    0.3753   0.06159   0.01718         0
   215/299     3.23G   0.01724  0.002443         0   0.01969        29      1024    0.8518    0.8378    0.8574     0.381   0.06156   0.01721         0
   216/299     3.23G   0.01642  0.002396         0   0.01881        31      1024    0.8687     0.839    0.8624    0.3823   0.06154   0.01704         0
   217/299     3.23G   0.01555  0.002386         0   0.01793        23      1024    0.8767    0.8302    0.8649    0.3867   0.06144   0.01685         0
   218/299     3.23G   0.01496  0.002437         0    0.0174        26      1024    0.8798    0.8352    0.8692    0.3925   0.06142   0.01635         0
   219/299     3.24G    0.0154  0.002401         0    0.0178        30      1024    0.8939    0.8238    0.8674    0.3882   0.06153   0.01654         0
   220/299     3.25G   0.01687  0.002417         0   0.01929        23      1024    0.8683     0.839    0.8675    0.3793   0.06153   0.01693         0
   221/299     3.25G   0.01613  0.002369         0    0.0185        15      1024    0.8896    0.8276    0.8735    0.3857   0.06142   0.01684         0
   222/299     3.25G   0.01628  0.002427         0    0.0187        27      1024    0.8816    0.8403    0.8752    0.3845   0.06142    0.0168         0
   223/299     3.25G   0.01558  0.002385         0   0.01797        19      1024    0.8884    0.8477    0.8853    0.3971   0.06137   0.01652         0
   224/299     3.25G    0.0147   0.00235         0   0.01705        31      1024    0.8937    0.8327    0.8794    0.3949   0.06135   0.01647         0
   225/299     3.25G    0.0158  0.002342         0   0.01814        12      1024    0.9102    0.8226    0.8825    0.3968   0.06125   0.01685         0
   226/299     3.25G   0.01548  0.002477         0   0.01795        29      1024    0.8866    0.8325    0.8736    0.3911   0.06134   0.01638         0
   227/299     3.25G   0.01551  0.002452         0   0.01796        36      1024    0.8863    0.8403    0.8788    0.3877   0.06138   0.01658         0
   228/299     3.25G   0.01462  0.002319         0   0.01694        20      1024    0.8808    0.8352    0.8712    0.3909   0.06158   0.01647         0
   229/299     3.25G   0.01463  0.002346         0   0.01698        17      1024    0.9018    0.8259    0.8742    0.3811   0.06158   0.01643         0
   230/299     3.25G   0.01635  0.002418         0   0.01877        23      1024    0.8918    0.8365    0.8779    0.3995   0.06131   0.01637         0
   231/299     3.25G   0.01383  0.002331         0   0.01616        15      1024    0.8895    0.8364    0.8821    0.3871   0.06133   0.01623         0
   232/299     3.25G   0.01491  0.002368         0   0.01728        18      1024    0.8997    0.8441    0.8854    0.3993   0.06132   0.01633         0
   233/299     3.25G   0.01554  0.002352         0   0.01789        27      1024    0.8837    0.8378    0.8746    0.3982   0.06145   0.01633         0
   234/299     3.25G   0.01466  0.002321         0   0.01698        22      1024    0.9034    0.8327    0.8827    0.3852   0.06149    0.0166         0
   235/299     3.25G   0.01478  0.002375         0   0.01715        15      1024    0.8983    0.8504    0.8827    0.3858   0.06133   0.01653         0
   236/299     3.25G   0.01585  0.002285         0   0.01814        31      1024    0.8951    0.8479    0.8862    0.3925   0.06147   0.01637         0
   237/299     3.25G   0.01684  0.002346         0   0.01918        23      1024    0.8932    0.8376    0.8799    0.3915    0.0614   0.01612         0
   238/299     3.25G   0.01432  0.002418         0   0.01674        19      1024     0.888    0.8555     0.888    0.3992   0.06144   0.01647         0
   239/299     3.25G   0.01604  0.002253         0   0.01829        13      1024    0.9065    0.8276    0.8788     0.404   0.06138   0.01632         0
   240/299     3.25G   0.01427  0.002423         0   0.01669        36      1024    0.8952    0.8454    0.8892    0.4044   0.06132   0.01613         0
   241/299     3.25G   0.01662   0.00246         0   0.01908        14      1024    0.8965    0.8451    0.8875    0.4075   0.06132    0.0163         0
   242/299     3.25G   0.01563  0.002258         0   0.01789        36      1024    0.8852    0.8631    0.8924    0.4008   0.06132   0.01606         0
   243/299     3.25G   0.01443  0.002205         0   0.01663        28      1024    0.8899    0.8416    0.8829    0.3831    0.0615   0.01617         0
   244/299     3.25G   0.01543  0.002336         0   0.01776        19      1024    0.8908     0.858    0.8841     0.406   0.06128   0.01588         0
   245/299     3.25G   0.01527  0.002308         0   0.01758        15      1024    0.8999    0.8542    0.8865    0.3988   0.06137   0.01617         0
   246/299     3.25G   0.01704  0.002321         0   0.01936        21      1024    0.8964     0.858    0.8924     0.395   0.06131   0.01594         0
   247/299     3.25G     0.016  0.002311         0   0.01831        29      1024    0.9058    0.8428    0.8943    0.3985   0.06137   0.01607         0
   248/299     3.25G   0.01419  0.002243         0   0.01643        13      1024    0.9074    0.8324     0.886    0.4029   0.06126   0.01591         0
   249/299     3.25G   0.01608   0.00229         0   0.01837        14      1024    0.9004    0.8479    0.8959    0.4153   0.06117   0.01568         0
   250/299     3.25G   0.01449  0.002272         0   0.01676        24      1024    0.9082     0.853    0.8938    0.4073    0.0612   0.01641         0
   251/299     3.25G   0.01437  0.002273         0   0.01664        27      1024    0.9014    0.8593    0.8882    0.3971    0.0612   0.01645         0
   252/299     3.25G   0.01411  0.002293         0    0.0164        43      1024    0.8811    0.8555    0.8867    0.3972   0.06141   0.01603         0
   253/299     3.25G   0.01538  0.002338         0   0.01772        27      1024    0.8891    0.8644    0.8899    0.3926   0.06137    0.0161         0
   254/299     3.25G    0.0137  0.002256         0   0.01596        41      1024    0.8808     0.872    0.8974    0.4084   0.06136   0.01573         0
   255/299     3.25G   0.01577  0.002332         0    0.0181        34      1024    0.9091    0.8491    0.8907    0.3946   0.06136   0.01605         0
   256/299     3.25G   0.01438  0.002168         0   0.01654        17      1024     0.879    0.8653    0.8963    0.4023   0.06118   0.01593         0
   257/299     3.25G   0.01423  0.002307         0   0.01654        20      1024    0.8792     0.858    0.8875    0.4004   0.06126   0.01622         0
   258/299     3.25G   0.01442  0.002182         0    0.0166        27      1024    0.8814    0.8504    0.8844    0.4047    0.0611   0.01614         0
   259/299     3.25G    0.0152  0.002191         0   0.01739        21      1024    0.8811    0.8568    0.8933       0.4   0.06124    0.0158         0
   260/299     3.25G   0.01462  0.002359         0   0.01698        22      1024    0.9012    0.8568     0.901    0.3968   0.06121   0.01629         0
   261/299     3.25G    0.0147  0.002217         0   0.01692        16      1024    0.8673    0.8618    0.8859    0.3922   0.06135   0.01627         0
   262/299     3.25G    0.0161   0.00233         0   0.01843        26      1024    0.8693    0.8606    0.8824    0.3946   0.06134     0.016         0
   263/299     3.25G   0.01504  0.002237         0   0.01727        37      1024    0.8665    0.8641    0.8828    0.3942   0.06119    0.0162         0
   264/299     3.25G   0.01449  0.002369         0   0.01686        32      1024    0.8618    0.8616    0.8882    0.3932   0.06142   0.01622         0
   265/299     3.25G   0.01483   0.00223         0   0.01706        10      1024    0.8964    0.8466    0.8929      0.39    0.0614   0.01622         0
   266/299     3.25G   0.01577  0.002307         0   0.01808        30      1024    0.8986    0.8555    0.8981    0.3994   0.06139    0.0159         0
   267/299     3.25G   0.01493  0.002287         0   0.01721        25      1024    0.8974    0.8441    0.8943    0.4047   0.06132   0.01669         0
   268/299     3.25G   0.01454  0.002249         0   0.01679        13      1024    0.8994    0.8615    0.9017    0.4025    0.0614   0.01601         0
   269/299     3.25G   0.01641  0.002275         0   0.01869        16      1024    0.8917    0.8568    0.8952    0.3935   0.06144    0.0165         0
   270/299     3.25G   0.01523  0.002352         0   0.01758        31      1024    0.8961    0.8529    0.8937     0.401   0.06135   0.01586         0
   271/299     3.25G   0.01509  0.002157         0   0.01725        47      1024     0.879    0.8565     0.897    0.3959   0.06133   0.01641         0
   272/299     3.25G   0.01642  0.002269         0   0.01869        40      1024    0.9097    0.8327    0.8848    0.3877   0.06149   0.01647         0
   273/299     3.25G   0.01443  0.002283         0   0.01671        27      1024    0.9035      0.82    0.8824    0.3923    0.0614   0.01639         0
   274/299     3.25G   0.01436  0.002236         0   0.01659        19      1024    0.8839    0.8492    0.8904     0.398   0.06139   0.01625         0
   275/299     3.25G   0.01486    0.0023         0   0.01716        20      1024    0.9055    0.8289    0.8898    0.4009   0.06135   0.01612         0
   276/299     3.25G   0.01503  0.002241         0   0.01727        28      1024    0.8677    0.8504    0.8809    0.3957   0.06151   0.01617         0
   277/299     3.25G   0.01427  0.002275         0   0.01654        28      1024    0.8798    0.8568    0.8921    0.4033   0.06143   0.01569         0
   278/299     3.25G   0.01499  0.002278         0   0.01727        34      1024    0.9105    0.8517    0.8959    0.4007   0.06144   0.01548         0
   279/299     3.25G   0.01571  0.002276         0   0.01799        17      1024    0.8918    0.8567    0.8995    0.4011   0.06134   0.01578         0
   280/299     3.25G   0.01468  0.002335         0   0.01702        25      1024    0.8953    0.8466    0.8942    0.4056   0.06126   0.01587         0
   281/299     3.25G   0.01509  0.002184         0   0.01727        21      1024    0.8788    0.8733    0.8958    0.3966   0.06142    0.0163         0
   282/299     3.25G   0.01569  0.002218         0    0.0179        21      1024    0.8924    0.8631    0.8982    0.4071   0.06132   0.01621         0
   283/299     3.25G   0.01476  0.002316         0   0.01708        24      1024    0.9023    0.8426    0.8903    0.4044    0.0613   0.01596         0
   284/299     3.25G   0.01576  0.002342         0   0.01811        17      1024    0.9229    0.8352    0.8995    0.4083   0.06152   0.01565         0
   285/299     3.25G   0.01729  0.002366         0   0.01965        42      1024    0.9198    0.8427    0.9086    0.4033   0.06122   0.01587         0
   286/299     3.25G   0.01418   0.00222         0    0.0164        37      1024    0.9109    0.8454    0.8983    0.4043   0.06126   0.01593         0
   287/299     3.25G   0.01605   0.00226         0   0.01831        24      1024    0.8987    0.8682    0.9042    0.4113   0.06131   0.01565         0
   288/299     3.25G   0.01683  0.002331         0   0.01916        19      1024    0.9038    0.8479    0.8935    0.3982   0.06122   0.01652         0
   289/299     3.25G   0.01393  0.002286         0   0.01622        34      1024    0.8916    0.8339    0.8927    0.3931    0.0614   0.01622         0
   290/299     3.25G   0.01454   0.00229         0   0.01683         8      1024    0.9251    0.8441    0.9051    0.4123   0.06126   0.01547         0
   291/299     3.25G   0.01524  0.002351         0   0.01759        35      1024    0.9065    0.8492    0.9037    0.4017   0.06124   0.01629         0
   292/299     3.25G   0.01462  0.002191         0   0.01681        22      1024    0.8875    0.8401    0.8903    0.4054   0.06129   0.01516         0
   293/299     3.25G   0.01501   0.00224         0   0.01725        23      1024    0.9151    0.8336    0.9033    0.4125   0.06124   0.01624         0
   294/299     3.25G   0.01487  0.002294         0   0.01717        24      1024    0.9151    0.8112    0.8786    0.3925    0.0616   0.01615         0
   295/299     3.25G   0.01466  0.002255         0   0.01691        17      1024    0.8805    0.8681    0.8997    0.4043   0.06119     0.016         0
   296/299     3.25G   0.01628  0.002221         0    0.0185        28      1024    0.9179    0.8223    0.8966    0.3976   0.06127   0.01632         0
   297/299     3.25G   0.01478  0.002164         0   0.01695        31      1024    0.8723    0.8504    0.8894    0.3912   0.06149   0.01684         0
   298/299     3.25G   0.01476   0.00224         0     0.017        33      1024    0.9013     0.845    0.8914    0.4068   0.06132   0.01611         0
   299/299     3.25G   0.01651  0.002294         0   0.01881        24      1024    0.9043    0.8542    0.8977     0.407   0.06136   0.01637         0
